[
    [
        [
            0.999999969830272,
            -0.4338323535106667,
            -0.5220555329045359,
            -0.9999998906132173
        ],
        [
            [
                0.04411175897502517,
                0.4779439966642319,
                1.2246109459823629e-08,
                1.814175754066838e-09,
                0.47794423030045774
            ],
            [
                0.4779439966642319,
                2.850473784787866e-07,
                1.2116005920770334e-08,
                1.9973632747749548e-09,
                0.5220557041750205
            ],
            [
                1.2246109459823629e-08,
                1.2116005920770334e-08,
                3.3281667199958065e-08,
                0.9999999362556902,
                6.1005272500302965e-09
            ],
            [
                1.814175754066838e-09,
                1.9973632747749548e-09,
                0.9999999362556902,
                5.800327862459653e-08,
                1.9294921771439988e-09
            ],
            [
                0.47794423030045774,
                0.5220557041750205,
                6.1005272500302965e-09,
                1.9294921771439988e-09,
                5.749450249226129e-08
            ]
        ]
    ],
    [
        [
            0.999999999052321,
            -0.4999999968700507,
            -0.5000000004876972,
            -0.9999999993427808
        ],
        [
            [
                3.087330391338128e-11,
                1.4320711283488663e-10,
                0.9999999993870866,
                3.855032959521054e-11,
                4.0028269587821796e-10
            ],
            [
                1.4320711283488663e-10,
                1.2614931321763834e-10,
                1.0353295998299927e-10,
                0.5000000007202976,
                0.499999998906813
            ],
            [
                0.9999999993870866,
                1.0353295998299927e-10,
                5.773825861865589e-11,
                2.0650015031264957e-10,
                2.451419622850892e-10
            ],
            [
                3.855032959521054e-11,
                0.5000000007202976,
                2.0650015031264957e-10,
                3.6196023955881174e-10,
                0.49999999867269174
            ],
            [
                4.0028269587821796e-10,
                0.499999998906813,
                2.451419622850892e-10,
                0.49999999867269174,
                1.7750705350039198e-09
            ]
        ]
    ],
    [
        [
            0.1600148885969945,
            -0.324303448817182,
            -0.33684695387022645,
            -0.3988761928925492
        ],
        [
            [
                0.023766268970513038,
                0.1767275803466899,
                0.44567933350114036,
                0.17170253530205148,
                0.18212428187960517
            ],
            [
                0.1767275803466899,
                7.988245260048821e-05,
                0.15852238294684817,
                0.3377127952370328,
                0.3269573590168286
            ],
            [
                0.44567933350114036,
                0.15852238294684817,
                0.07444323422023713,
                0.15996648588525264,
                0.16138856344652175
            ],
            [
                0.17170253530205148,
                0.3377127952370328,
                0.15996648588525264,
                0.0013936476461524627,
                0.3292245359295106
            ],
            [
                0.18212428187960517,
                0.3269573590168286,
                0.16138856344652175,
                0.3292245359295106,
                0.00030525972753381314
            ]
        ]
    ],
    [
        [
            0.15973638806850263,
            -0.31408251225304795,
            -0.34821399511135875,
            -0.3974534000124122
        ],
        [
            [
                0.00040707922192939616,
                0.3218066031470753,
                0.17162348740765027,
                0.348841899015257,
                0.157320931208088
            ],
            [
                0.3218066031470753,
                0.0005508453929023993,
                0.1822100916367954,
                0.32337585647795575,
                0.17205660334527118
            ],
            [
                0.17162348740765027,
                0.1822100916367954,
                0.03218031943907307,
                0.16833619842217384,
                0.44564990309430746
            ],
            [
                0.348841899015257,
                0.32337585647795575,
                0.16833619842217384,
                0.0006608601850296436,
                0.1587851858995838
            ],
            [
                0.157320931208088,
                0.17205660334527118,
                0.44564990309430746,
                0.1587851858995838,
                0.06618737645274952
            ]
        ]
    ],
    [
        [
            0.9836028838751173,
            0.98184812037059,
            0.9788563808712273,
            0.9713132376405575
        ],
        [
            [
                0.9863890497401774,
                0.0047778160563600736,
                0.004176336891455634,
                0.0021875180366874303,
                0.0024692792753194803
            ],
            [
                0.0047778160563600736,
                0.9807029097600148,
                0.0019263897597296964,
                0.008187578982936206,
                0.004405305440959129
            ],
            [
                0.004176336891455634,
                0.0019263897597296964,
                0.9828896687951554,
                0.005350310333185393,
                0.005657294220473841
            ],
            [
                0.0021875180366874303,
                0.008187578982936206,
                0.005350310333185393,
                0.9812227330230436,
                0.003051859624147335
            ],
            [
                0.0024692792753194803,
                0.004405305440959129,
                0.005657294220473841,
                0.003051859624147335,
                0.9844162614391002
            ]
        ]
    ],
    [
        [
            0.9862682394381275,
            0.9826943866920721,
            0.9796851724900977,
            0.9766739327837978
        ],
        [
            [
                0.9851318514066023,
                0.0027222476364077153,
                0.0017475751035484488,
                0.006122272537471385,
                0.004276053315970196
            ],
            [
                0.0027222476364077153,
                0.9871395863230586,
                0.00447468409552032,
                0.0009996237524589335,
                0.004663858192554382
            ],
            [
                0.0017475751035484488,
                0.00447468409552032,
                0.9847126388815074,
                0.005198775471014494,
                0.0038663264484093407
            ],
            [
                0.006122272537471385,
                0.0009996237524589335,
                0.005198775471014494,
                0.9844116104944585,
                0.0032677177445966654
            ],
            [
                0.004276053315970196,
                0.004663858192554382,
                0.0038663264484093407,
                0.0032677177445966654,
                0.9839260442984694
            ]
        ]
    ],
    [
        [
            0.9976701966858664,
            0.9965541869196207,
            0.9959706993484408,
            0.9933630908924792
        ],
        [
            [
                0.9957179736660059,
                0.0007576042718243636,
                0.001601052965415628,
                0.0017516746037232744,
                0.0001716944930308384
            ],
            [
                0.0007576042718243636,
                0.9979117791767953,
                6.032704075620288e-06,
                0.0004438292843541025,
                0.0008807545629505587
            ],
            [
                0.001601052965415628,
                6.032704075620288e-06,
                0.9970517148086613,
                7.90820106261747e-05,
                0.001262117511221239
            ],
            [
                0.0017516746037232744,
                0.0004438292843541025,
                7.90820106261747e-05,
                0.9964583434317205,
                0.001267070669575987
            ],
            [
                0.0001716944930308384,
                0.0008807545629505587,
                0.001262117511221239,
                0.001267070669575987,
                0.9964183627632214
            ]
        ]
    ],
    [
        [
            0.9999999998645918,
            0.9999999997828545,
            0.9999999996139398,
            0.9999999995705963
        ],
        [
            [
                0.9999999997258646,
                3.51493834038763e-11,
                4.3062109433833484e-11,
                6.693229304133297e-11,
                1.2899153967182997e-10
            ],
            [
                3.51493834038763e-11,
                0.9999999997498803,
                3.5292546662901714e-11,
                1.4617401733474367e-10,
                3.350375532562566e-11
            ],
            [
                4.3062109433833484e-11,
                3.5292546662901714e-11,
                0.9999999998884295,
                2.4958479727388294e-11,
                8.257339256800833e-12
            ],
            [
                6.693229304133297e-11,
                1.4617401733474367e-10,
                2.4958479727388294e-11,
                0.9999999997002468,
                6.16884321402722e-11
            ],
            [
                1.2899153967182997e-10,
                3.350375532562566e-11,
                8.257339256800833e-12,
                6.16884321402722e-11,
                0.9999999997675589
            ]
        ]
    ]
]