[
    [
        [
            -0.4352307414788717,
            -0.46480230327700406
        ],
        [
            [
                0.042365505354728716,
                0.47542038361116945,
                0.4822141110341019
            ],
            [
                0.47542038361116945,
                0.032197588656163956,
                0.4923820277326666
            ],
            [
                0.4822141110341019,
                0.4923820277326666,
                0.02540386123323146
            ]
        ]
    ],
    [
        [
            -0.432857112784209,
            -0.4522628037795837
        ],
        [
            [
                0.039827364043282576,
                0.48552845572462167,
                0.47464418023209576
            ],
            [
                0.48552845572462167,
                0.03208422195019911,
                0.48238732232517917
            ],
            [
                0.47464418023209576,
                0.48238732232517917,
                0.04296849744272513
            ]
        ]
    ],
    [
        [
            -0.41946996440875184,
            -0.45088671144557574
        ],
        [
            [
                0.05352749150493574,
                0.4748116105250084,
                0.4716608979700558
            ],
            [
                0.4748116105250084,
                0.036482560042891854,
                0.4887058294320997
            ],
            [
                0.4716608979700558,
                0.4887058294320997,
                0.03963327259784455
            ]
        ]
    ],
    [
        [
            -0.4175230602515162,
            -0.4377062934240679
        ],
        [
            [
                0.050754544590439155,
                0.46921272123206265,
                0.48003273417749814
            ],
            [
                0.46921272123206265,
                0.05241805733970617,
                0.4783692214282312
            ],
            [
                0.48003273417749814,
                0.4783692214282312,
                0.04159804439427073
            ]
        ]
    ],
    [
        [
            -0.4095248218053272,
            -0.4307380148550469
        ],
        [
            [
                0.059977388092714135,
                0.47188572800808143,
                0.46813688389920444
            ],
            [
                0.47188572800808143,
                0.048005465569017414,
                0.4801088064229012
            ],
            [
                0.46813688389920444,
                0.4801088064229012,
                0.051754309677894295
            ]
        ]
    ],
    [
        [
            -0.40519529420745537,
            -0.4194596661387422
        ],
        [
            [
                0.058317907945349745,
                0.4667248262959366,
                0.4749572657587136
            ],
            [
                0.4667248262959366,
                0.06262978558561483,
                0.4706453881184486
            ],
            [
                0.4749572657587136,
                0.4706453881184486,
                0.05439734612283775
            ]
        ]
    ],
    [
        [
            -0.3910051708476944,
            -0.41960964109027216
        ],
        [
            [
                0.06735799867528924,
                0.47372150667160595,
                0.4589204946531048
            ],
            [
                0.47372150667160595,
                0.05361308868412151,
                0.4726654046442726
            ],
            [
                0.4589204946531048,
                0.4726654046442726,
                0.06841410070262266
            ]
        ]
    ],
    [
        [
            -0.3677885778684975,
            -0.4274356287119665
        ],
        [
            [
                0.08115488917648561,
                0.4725277124578403,
                0.4463173983656741
            ],
            [
                0.4725277124578403,
                0.04870529507544186,
                0.47876699246671783
            ],
            [
                0.4463173983656741,
                0.47876699246671783,
                0.07491560916760809
            ]
        ]
    ],
    [
        [
            -0.37285606258099013,
            -0.406924583863477
        ],
        [
            [
                0.07245196243374896,
                0.45397408381996623,
                0.47357395374628486
            ],
            [
                0.45397408381996623,
                0.08368363052405114,
                0.4623422856559826
            ],
            [
                0.47357395374628486,
                0.4623422856559826,
                0.06408376059773246
            ]
        ]
    ],
    [
        [
            -0.377279625183663,
            -0.38731839961569603
        ],
        [
            [
                0.08168332431837388,
                0.45995902147719164,
                0.4583576542044344
            ],
            [
                0.45995902147719164,
                0.07605864180475486,
                0.46398233671805345
            ],
            [
                0.4583576542044344,
                0.46398233671805345,
                0.07766000907751214
            ]
        ]
    ],
    [
        [
            -0.3499766192773653,
            -0.4003175636675581
        ],
        [
            [
                0.09456724003937833,
                0.4634343137714837,
                0.441998446189138
            ],
            [
                0.4634343137714837,
                0.06685135471667614,
                0.46971433151184017
            ],
            [
                0.441998446189138,
                0.46971433151184017,
                0.08828722229902186
            ]
        ]
    ],
    [
        [
            -0.3575321793793239,
            -0.3780190781813807
        ],
        [
            [
                0.08487207721451173,
                0.4627523679719758,
                0.4523755548135125
            ],
            [
                0.4627523679719758,
                0.08459992603316024,
                0.452647705994864
            ],
            [
                0.4523755548135125,
                0.452647705994864,
                0.09497673919162353
            ]
        ]
    ],
    [
        [
            -0.3189122635341236,
            -0.4002019133940426
        ],
        [
            [
                0.08746196287487717,
                0.4791195466377823,
                0.4334184904873406
            ],
            [
                0.4791195466377823,
                0.07386140202325753,
                0.44701905133896025
            ],
            [
                0.4334184904873406,
                0.44701905133896025,
                0.11956245817369915
            ]
        ]
    ],
    [
        [
            -0.3443444167944288,
            -0.3610848192869538
        ],
        [
            [
                0.09905355086691192,
                0.44569886987868335,
                0.4552475792544047
            ],
            [
                0.44569886987868335,
                0.10253296121371325,
                0.4517681689076034
            ],
            [
                0.4552475792544047,
                0.4517681689076034,
                0.09298425183799197
            ]
        ]
    ],
    [
        [
            -0.3202567783717889,
            -0.37014374852681764
        ],
        [
            [
                0.08734096836936178,
                0.4519976573878575,
                0.46066137424278075
            ],
            [
                0.4519976573878575,
                0.11546111079347754,
                0.432541231818665
            ],
            [
                0.46066137424278075,
                0.432541231818665,
                0.10679739393855425
            ]
        ]
    ],
    [
        [
            -0.3144144687311489,
            -0.35970410986253903
        ],
        [
            [
                0.09451816499234011,
                0.45739192897858316,
                0.44808990602907667
            ],
            [
                0.45739192897858316,
                0.11103061673223269,
                0.43157745428918415
            ],
            [
                0.44808990602907667,
                0.43157745428918415,
                0.12033263968173924
            ]
        ]
    ],
    [
        [
            -0.31938643400566724,
            -0.3395938876911584
        ],
        [
            [
                0.11952621047499479,
                0.4373497919800496,
                0.4431239975449556
            ],
            [
                0.4373497919800496,
                0.11363383669654303,
                0.44901637132340744
            ],
            [
                0.4431239975449556,
                0.44901637132340744,
                0.10785963113163699
            ]
        ]
    ],
    [
        [
            -0.3162076261442351,
            -0.3289482766961265
        ],
        [
            [
                0.11418586391142216,
                0.44193384483771725,
                0.44388029125086054
            ],
            [
                0.44193384483771725,
                0.12130233983067984,
                0.4367638153316029
            ],
            [
                0.44388029125086054,
                0.4367638153316029,
                0.1193558934175365
            ]
        ]
    ],
    [
        [
            -0.30199263740417237,
            -0.32702165068262246
        ],
        [
            [
                0.12925395356409974,
                0.43001102469567537,
                0.4407350217402249
            ],
            [
                0.43001102469567537,
                0.12622787769682742,
                0.4437610976074972
            ],
            [
                0.4407350217402249,
                0.4437610976074972,
                0.1155038806522779
            ]
        ]
    ],
    [
        [
            -0.2983484553411165,
            -0.31526619114294707
        ],
        [
            [
                0.12643511832330345,
                0.4323469457020566,
                0.4412179359746399
            ],
            [
                0.4323469457020566,
                0.13441061273260824,
                0.43324244156533515
            ],
            [
                0.4412179359746399,
                0.43324244156533515,
                0.12553962246002492
            ]
        ]
    ],
    [
        [
            -0.2941071273931413,
            -0.3045703818199261
        ],
        [
            [
                0.13319164993924015,
                0.43042611926416047,
                0.4363822307965994
            ],
            [
                0.43042611926416047,
                0.13704347619006563,
                0.43253040454577396
            ],
            [
                0.4363822307965994,
                0.43253040454577396,
                0.13108736465762671
            ]
        ]
    ],
    [
        [
            -0.2822566617160764,
            -0.3013005144998268
        ],
        [
            [
                0.1408187392150838,
                0.424374410312108,
                0.4348068504728082
            ],
            [
                0.424374410312108,
                0.14302826236485644,
                0.4325973273230356
            ],
            [
                0.4348068504728082,
                0.4325973273230356,
                0.13259582220415622
            ]
        ]
    ],
    [
        [
            -0.271780200103304,
            -0.2967084053129581
        ],
        [
            [
                0.1510697267406249,
                0.42092228568992995,
                0.4280079875694452
            ],
            [
                0.42092228568992995,
                0.1437636848613142,
                0.4353140294487559
            ],
            [
                0.4280079875694452,
                0.4353140294487559,
                0.1366779829817989
            ]
        ]
    ],
    [
        [
            -0.2646488833775158,
            -0.2889411952862304
        ],
        [
            [
                0.14118715495768885,
                0.4270248184552628,
                0.43178802658704835
            ],
            [
                0.4270248184552628,
                0.15499298725517519,
                0.41798219428956196
            ],
            [
                0.43178802658704835,
                0.41798219428956196,
                0.15022977912338975
            ]
        ]
    ],
    [
        [
            -0.2670321298955216,
            -0.2712322984979616
        ],
        [
            [
                0.15389953482009766,
                0.42426266986389644,
                0.4218377953160059
            ],
            [
                0.42426266986389644,
                0.15270558111926436,
                0.42303174901683915
            ],
            [
                0.4218377953160059,
                0.42303174901683915,
                0.1551304556671549
            ]
        ]
    ],
    [
        [
            -0.25485983027271736,
            -0.268382220493298
        ],
        [
            [
                0.15479013350875315,
                0.42103958785531814,
                0.4241702786359287
            ],
            [
                0.42103958785531814,
                0.1625492532529209,
                0.4164111588917609
            ],
            [
                0.4241702786359287,
                0.4164111588917609,
                0.15941856247231034
            ]
        ]
    ],
    [
        [
            -0.24665628399822842,
            -0.2614065756310598
        ],
        [
            [
                0.16081955106133328,
                0.42285275651138454,
                0.41632769242728224
            ],
            [
                0.42285275651138454,
                0.16229626261263796,
                0.4148509808759775
            ],
            [
                0.41632769242728224,
                0.4148509808759775,
                0.16882132669674021
            ]
        ]
    ],
    [
        [
            -0.2307922540708999,
            -0.2624268594636259
        ],
        [
            [
                0.17184476689002093,
                0.4053020539039094,
                0.42285317920606963
            ],
            [
                0.4053020539039094,
                0.17624362243880665,
                0.4184543236572839
            ],
            [
                0.42285317920606963,
                0.4184543236572839,
                0.15869249713664646
            ]
        ]
    ],
    [
        [
            -0.23495817157029358,
            -0.24309517349024673
        ],
        [
            [
                0.17130318886164742,
                0.41398143474529103,
                0.4147153763930616
            ],
            [
                0.41398143474529103,
                0.17568870386279145,
                0.41032986139191746
            ],
            [
                0.4147153763930616,
                0.41032986139191746,
                0.17495476221502093
            ]
        ]
    ],
    [
        [
            -0.22054660723206831,
            -0.24226894015629266
        ],
        [
            [
                0.17666508331889452,
                0.40575014537451254,
                0.417584771306593
            ],
            [
                0.40575014537451254,
                0.18617699761241258,
                0.40807285701307494
            ],
            [
                0.417584771306593,
                0.40807285701307494,
                0.17434237168033206
            ]
        ]
    ],
    [
        [
            -0.20960423463000197,
            -0.23834640263932796
        ],
        [
            [
                0.18798160061819935,
                0.4135624040325757,
                0.39845599534922493
            ],
            [
                0.4135624040325757,
                0.1744806767145599,
                0.4119569192528643
            ],
            [
                0.39845599534922493,
                0.4119569192528643,
                0.1895870853979107
            ]
        ]
    ],
    [
        [
            -0.20869637273893266,
            -0.22422075556761914
        ],
        [
            [
                0.18850082650987332,
                0.40129136566093004,
                0.4102078078291966
            ],
            [
                0.40129136566093004,
                0.19374924367592072,
                0.4049593906631492
            ],
            [
                0.4102078078291966,
                0.4049593906631492,
                0.18483280150765424
            ]
        ]
    ],
    [
        [
            -0.19153278313982547,
            -0.2261960091404269
        ],
        [
            [
                0.1825597097968903,
                0.40936093586588157,
                0.4080793543372282
            ],
            [
                0.40936093586588157,
                0.1992149581971021,
                0.3914241059370163
            ],
            [
                0.4080793543372282,
                0.3914241059370163,
                0.20049653972575543
            ]
        ]
    ],
    [
        [
            -0.19974772943023758,
            -0.20286221380497751
        ],
        [
            [
                0.19852075219770238,
                0.4000116610213194,
                0.40146758678097816
            ],
            [
                0.4000116610213194,
                0.20016261516337064,
                0.39982572381530995
            ],
            [
                0.40146758678097816,
                0.39982572381530995,
                0.19870668940371194
            ]
        ]
    ],
    [
        [
            -0.17851842842017565,
            -0.20967708102490945
        ],
        [
            [
                0.21343064011492952,
                0.38964087268329956,
                0.396928487201771
            ],
            [
                0.38964087268329956,
                0.20283073247922845,
                0.40752839483747205
            ],
            [
                0.396928487201771,
                0.40752839483747205,
                0.19554311796075696
            ]
        ]
    ],
    [
        [
            -0.1775613326125264,
            -0.19484806637604926
        ],
        [
            [
                0.21006206855537934,
                0.39990264251796137,
                0.39003528892665923
            ],
            [
                0.39990264251796137,
                0.20383058943237142,
                0.3962667680496672
            ],
            [
                0.39003528892665923,
                0.3962667680496672,
                0.21369794302367362
            ]
        ]
    ],
    [
        [
            -0.17112910231698167,
            -0.1865015175997775
        ],
        [
            [
                0.2147591129057227,
                0.38821712240019024,
                0.3970237646940871
            ],
            [
                0.38821712240019024,
                0.2182084547357076,
                0.39357442286410216
            ],
            [
                0.3970237646940871,
                0.39357442286410216,
                0.20940181244181066
            ]
        ]
    ],
    [
        [
            -0.16858730134137614,
            -0.17372888485920457
        ],
        [
            [
                0.22049501490689138,
                0.38875305418118355,
                0.3907519309119251
            ],
            [
                0.38875305418118355,
                0.21959383781163466,
                0.3916531080071817
            ],
            [
                0.3907519309119251,
                0.3916531080071817,
                0.21759496108089316
            ]
        ]
    ],
    [
        [
            -0.1482001457275776,
            -0.17893979663899404
        ],
        [
            [
                0.2270450776263382,
                0.3779312748404219,
                0.39502364753324
            ],
            [
                0.3779312748404219,
                0.23145367634995417,
                0.390615048809624
            ],
            [
                0.39502364753324,
                0.390615048809624,
                0.21436130365713602
            ]
        ]
    ],
    [
        [
            -0.14316046887174266,
            -0.1689036904848024
        ],
        [
            [
                0.2328507516040743,
                0.3903446882622602,
                0.3768045601336654
            ],
            [
                0.3903446882622602,
                0.220772480455393,
                0.38888283128234685
            ],
            [
                0.3768045601336654,
                0.38888283128234685,
                0.23431260858398772
            ]
        ]
    ],
    [
        [
            -0.1472121986000298,
            -0.15000399284753818
        ],
        [
            [
                0.23383362790379847,
                0.3837989734334715,
                0.38236739866273006
            ],
            [
                0.3837989734334715,
                0.2337593029389462,
                0.3824417236275823
            ],
            [
                0.38236739866273006,
                0.3824417236275823,
                0.2351908777096876
            ]
        ]
    ],
    [
        [
            -0.13733587389183144,
            -0.14460234636845312
        ],
        [
            [
                0.2380030629748766,
                0.3827395919511061,
                0.37925734507401737
            ],
            [
                0.3827395919511061,
                0.23828823494387508,
                0.37897217310501885
            ],
            [
                0.37925734507401737,
                0.37897217310501885,
                0.24177048182096383
            ]
        ]
    ],
    [
        [
            -0.12073863823569386,
            -0.14651358177922083
        ],
        [
            [
                0.2357590358858861,
                0.3809805783381389,
                0.383260385775975
            ],
            [
                0.3809805783381389,
                0.2496342757685177,
                0.3693851458933434
            ],
            [
                0.383260385775975,
                0.3693851458933434,
                0.24735446833068164
            ]
        ]
    ],
    [
        [
            -0.11912419927108123,
            -0.1327342539956817
        ],
        [
            [
                0.25238581633453594,
                0.370863920416021,
                0.37675026324944305
            ],
            [
                0.370863920416021,
                0.2508210366160615,
                0.37831504296791746
            ],
            [
                0.37675026324944305,
                0.37831504296791746,
                0.24493469378263955
            ]
        ]
    ],
    [
        [
            -0.1143207658924704,
            -0.12239350587879498
        ],
        [
            [
                0.2532553328074867,
                0.37546956655457786,
                0.3712751006379354
            ],
            [
                0.37546956655457786,
                0.25291796475230277,
                0.37161246869311937
            ],
            [
                0.3712751006379354,
                0.37161246869311937,
                0.2571124306689452
            ]
        ]
    ],
    [
        [
            -0.10411044935197264,
            -0.1186044853226258
        ],
        [
            [
                0.26056295635996396,
                0.36573225799689446,
                0.3737047856431416
            ],
            [
                0.36573225799689446,
                0.26234731830584246,
                0.37192042369726314
            ],
            [
                0.3737047856431416,
                0.37192042369726314,
                0.25437479065959523
            ]
        ]
    ],
    [
        [
            -0.09687459715839736,
            -0.109802952232706
        ],
        [
            [
                0.2602689420655665,
                0.37080101059451775,
                0.36893004733991575
            ],
            [
                0.37080101059451775,
                0.2655912726443641,
                0.36360771676111814
            ],
            [
                0.36893004733991575,
                0.36360771676111814,
                0.2674622358989661
            ]
        ]
    ],
    [
        [
            -0.09000531733082999,
            -0.10146540585195357
        ],
        [
            [
                0.26776041680896956,
                0.3631788188550967,
                0.3690607643359338
            ],
            [
                0.3631788188550967,
                0.273325402744542,
                0.3634957784003613
            ],
            [
                0.3690607643359338,
                0.3634957784003613,
                0.2674434572637049
            ]
        ]
    ],
    [
        [
            -0.0861173532426527,
            -0.09041073629860068
        ],
        [
            [
                0.2759077192518177,
                0.3622193537510155,
                0.36187292699716683
            ],
            [
                0.3622193537510155,
                0.2736088822265401,
                0.36417176402244444
            ],
            [
                0.36187292699716683,
                0.36417176402244444,
                0.2739553089803888
            ]
        ]
    ],
    [
        [
            -0.07850597271891749,
            -0.08280707956321495
        ],
        [
            [
                0.2804028639904176,
                0.3587927171897498,
                0.3608044188198326
            ],
            [
                0.3587927171897498,
                0.2801478926787664,
                0.36105939013148375
            ],
            [
                0.3608044188198326,
                0.36105939013148375,
                0.2781361910486837
            ]
        ]
    ],
    [
        [
            -0.07210371670874596,
            -0.07429049822458528
        ],
        [
            [
                0.28523314857303594,
                0.3575656797647505,
                0.35720117166221355
            ],
            [
                0.3575656797647505,
                0.2840040641955479,
                0.3584302560397015
            ],
            [
                0.35720117166221355,
                0.3584302560397015,
                0.2843685722980849
            ]
        ]
    ],
    [
        [
            -0.05572366563783515,
            -0.07543837298937892
        ],
        [
            [
                0.2842935185462818,
                0.36119528212146895,
                0.3545111993322492
            ],
            [
                0.36119528212146895,
                0.2889301800186421,
                0.3498745378598889
            ],
            [
                0.3545111993322492,
                0.3498745378598889,
                0.29561426280786185
            ]
        ]
    ],
    [
        [
            -0.05696757395945247,
            -0.05913746058426421
        ],
        [
            [
                0.29533794344595665,
                0.3524660651788042,
                0.3521959913752392
            ],
            [
                0.3524660651788042,
                0.2941434741033808,
                0.35339046071781494
            ],
            [
                0.3521959913752392,
                0.35339046071781494,
                0.29441354790694585
            ]
        ]
    ],
    [
        [
            -0.041345185909268084,
            -0.05967240225337336
        ],
        [
            [
                0.29463996966050954,
                0.35569398081102466,
                0.3496660495284658
            ],
            [
                0.35569398081102466,
                0.2991572554471451,
                0.3451487637418303
            ],
            [
                0.3496660495284658,
                0.3451487637418303,
                0.30518518672970396
            ]
        ]
    ],
    [
        [
            -0.03575777057040896,
            -0.05019508804154788
        ],
        [
            [
                0.30287874741997023,
                0.34469670873581737,
                0.3524245438442124
            ],
            [
                0.34469670873581737,
                0.30944811453823395,
                0.3458551767259487
            ],
            [
                0.3524245438442124,
                0.3458551767259487,
                0.3017202794298389
            ]
        ]
    ],
    [
        [
            -0.03340846114643129,
            -0.03746424259138466
        ],
        [
            [
                0.30997192553436204,
                0.3461625022185441,
                0.3438655722470939
            ],
            [
                0.3461625022185441,
                0.3084292203781859,
                0.34540827740327
            ],
            [
                0.3438655722470939,
                0.34540827740327,
                0.31072615034963613
            ]
        ]
    ],
    [
        [
            -0.024957698068590797,
            -0.030844656397897508
        ],
        [
            [
                0.313048953635636,
                0.34434853774041574,
                0.3426025086239483
            ],
            [
                0.34434853774041574,
                0.3147013313907041,
                0.3409501308688801
            ],
            [
                0.3426025086239483,
                0.3409501308688801,
                0.3164473605071716
            ]
        ]
    ],
    [
        [
            -0.019150676438279814,
            -0.02156605114286371
        ],
        [
            [
                0.32000530658563664,
                0.3393329382709527,
                0.3406617551434107
            ],
            [
                0.3393329382709527,
                0.32030339135283903,
                0.34036367037620835
            ],
            [
                0.3406617551434107,
                0.34036367037620835,
                0.3189745744803809
            ]
        ]
    ],
    [
        [
            -0.010161223958041277,
            -0.015469983079922669
        ],
        [
            [
                0.32383976485151333,
                0.33678708231306403,
                0.33937315283542263
            ],
            [
                0.33678708231306403,
                0.32655754931644065,
                0.3366553683704953
            ],
            [
                0.33937315283542263,
                0.3366553683704953,
                0.32397147879408206
            ]
        ]
    ],
    [
        [
            -0.0029942837081024386,
            -0.007560777495936958
        ],
        [
            [
                0.32844429659740215,
                0.3363511403506034,
                0.3352045630519944
            ],
            [
                0.3363511403506034,
                0.3299270324499748,
                0.3337218271994219
            ],
            [
                0.3352045630519944,
                0.3337218271994219,
                0.3310736097485837
            ]
        ]
    ],
    [
        [
            0.0032759731919885407,
            0.0012464969180000854
        ],
        [
            [
                0.33417844070237757,
                0.3327917499741401,
                0.3330298093234823
            ],
            [
                0.3327917499741401,
                0.3352910443784767,
                0.33191720564738325
            ],
            [
                0.3330298093234823,
                0.33191720564738325,
                0.3350529850291344
            ]
        ]
    ],
    [
        [
            0.010740516228160711,
            0.008851613189721125
        ],
        [
            [
                0.3397440913759744,
                0.3306632469779844,
                0.3295926616460413
            ],
            [
                0.3306632469779844,
                0.3393887263549822,
                0.32994802666703343
            ],
            [
                0.3295926616460413,
                0.32994802666703343,
                0.3404593116869252
            ]
        ]
    ],
    [
        [
            0.019329727131673583,
            0.015328531803399258
        ],
        [
            [
                0.3462175164148209,
                0.3268234129766141,
                0.32695907060856494
            ],
            [
                0.3268234129766141,
                0.3442882000761014,
                0.32888838694728445
            ],
            [
                0.32695907060856494,
                0.32888838694728445,
                0.3441525424441506
            ]
        ]
    ],
    [
        [
            0.028273760441114036,
            0.02143756399043951
        ],
        [
            [
                0.34983875372487105,
                0.32310798674097047,
                0.3270532595341584
            ],
            [
                0.32310798674097047,
                0.35190892174993516,
                0.3249830915090943
            ],
            [
                0.3270532595341584,
                0.3249830915090943,
                0.34796364895674725
            ]
        ]
    ],
    [
        [
            0.03495730765740564,
            0.029806013486885982
        ],
        [
            [
                0.3561920847670744,
                0.32090406710695674,
                0.32290384812596884
            ],
            [
                0.32090406710695674,
                0.3552855086981147,
                0.32381042419492856
            ],
            [
                0.32290384812596884,
                0.32381042419492856,
                0.3532857276791026
            ]
        ]
    ],
    [
        [
            0.04339636074704637,
            0.036501499874267734
        ],
        [
            [
                0.3622573585932385,
                0.3187174071965624,
                0.31902523421019907
            ],
            [
                0.3187174071965624,
                0.35897416452085606,
                0.32230842828258155
            ],
            [
                0.31902523421019907,
                0.32230842828258155,
                0.35866633750721943
            ]
        ]
    ],
    [
        [
            0.050835785554407445,
            0.04411895373472873
        ],
        [
            [
                0.36453754201411825,
                0.3196311097288175,
                0.31583134825706427
            ],
            [
                0.3196311097288175,
                0.36330871790163244,
                0.3170601723695501
            ],
            [
                0.31583134825706427,
                0.3170601723695501,
                0.36710847937338564
            ]
        ]
    ],
    [
        [
            0.06397212177331706,
            0.0460313991801171
        ],
        [
            [
                0.3644111175251509,
                0.31963452682737925,
                0.3159543556474699
            ],
            [
                0.31963452682737925,
                0.370956116124187,
                0.3094093570484338
            ],
            [
                0.3159543556474699,
                0.3094093570484338,
                0.37463628730409626
            ]
        ]
    ],
    [
        [
            0.06881927667330612,
            0.05629446617340328
        ],
        [
            [
                0.37155917520872483,
                0.3122213240995993,
                0.31621950069167587
            ],
            [
                0.3122213240995993,
                0.37877637211503057,
                0.30900230378537014
            ],
            [
                0.31621950069167587,
                0.30900230378537014,
                0.374778195522954
            ]
        ]
    ],
    [
        [
            0.07358557550691873,
            0.06660227015955483
        ],
        [
            [
                0.3790364441323463,
                0.30867232798000954,
                0.3122912278876442
            ],
            [
                0.30867232798000954,
                0.382385150720881,
                0.3089425212991095
            ],
            [
                0.3122912278876442,
                0.3089425212991095,
                0.37876625081324633
            ]
        ]
    ],
    [
        [
            0.08242158674646002,
            0.07280318610158973
        ],
        [
            [
                0.38757953275248447,
                0.30794363246904793,
                0.30447683477846754
            ],
            [
                0.30794363246904793,
                0.38208922120249245,
                0.30996714632845956
            ],
            [
                0.30447683477846754,
                0.30996714632845956,
                0.3855560188930729
            ]
        ]
    ],
    [
        [
            0.09389752924186337,
            0.07636072313442854
        ],
        [
            [
                0.39082462445613664,
                0.3096095615263937,
                0.2995658140174697
            ],
            [
                0.3096095615263937,
                0.3846949402056157,
                0.3056954982679907
            ],
            [
                0.2995658140174697,
                0.3056954982679907,
                0.39473868771453957
            ]
        ]
    ],
    [
        [
            0.10581381794933956,
            0.0794016068700758
        ],
        [
            [
                0.400081066345937,
                0.3062295737914069,
                0.2936893598626561
            ],
            [
                0.3062295737914069,
                0.38629707227236376,
                0.30747335393622927
            ],
            [
                0.2936893598626561,
                0.30747335393622927,
                0.3988372862011147
            ]
        ]
    ],
    [
        [
            0.10715744126846855,
            0.09320825498233809
        ],
        [
            [
                0.39646892417227586,
                0.30425688608700724,
                0.29927418974071684
            ],
            [
                0.30425688608700724,
                0.3994570378661202,
                0.2962860760468726
            ],
            [
                0.29927418974071684,
                0.2962860760468726,
                0.40443973421241053
            ]
        ]
    ],
    [
        [
            0.12101233579871327,
            0.09453411863065626
        ],
        [
            [
                0.3995791650088265,
                0.2943045244768103,
                0.3061163105143632
            ],
            [
                0.2943045244768103,
                0.4138895377290479,
                0.2918059377941418
            ],
            [
                0.3061163105143632,
                0.2918059377941418,
                0.40207775169149496
            ]
        ]
    ],
    [
        [
            0.14668726849989866,
            0.0835571527464595
        ],
        [
            [
