[
    [
        [
            -0.35107963039523576,
            -0.5489226270887075
        ],
        [
            [
                0.0002504151913587105,
                0.4504683284333328,
                0.5492812563753086
            ],
            [
                0.4504683284333328,
                0.09928012763333705,
                0.45025154393333017
            ],
            [
                0.5492812563753086,
                0.45025154393333017,
                0.00046719969136121975
            ]
        ]
    ],
    [
        [
            -0.35017106577319534,
            -0.549837490147933
        ],
        [
            [
                0.09988594985295474,
                0.4500319497009906,
                0.4500821004460546
            ],
            [
                0.4500319497009906,
                7.782248549026427e-05,
                0.5498902278135192
            ],
            [
                0.4500821004460546,
                0.5498902278135192,
                2.767174042617171e-05
            ]
        ]
    ],
    [
        [
            -0.3520954928599325,
            -0.5481046133900379
        ],
        [
            [
                0.0009929283286944646,
                0.5487014763656396,
                0.450305595305666
            ],
            [
                0.5487014763656396,
                0.00020554218068080665,
                0.4510929814536796
            ],
            [
                0.450305595305666,
                0.4510929814536796,
                0.09860142324065446
            ]
        ]
    ],
    [
        [
            -0.35149622794364555,
            -0.5485735637595545
        ],
        [
            [
                0.0006745781093651093,
                0.5490369608529632,
                0.4502884610376717
            ],
            [
                0.5490369608529632,
                0.00025356518607178025,
                0.4507094739609651
            ],
            [
                0.4502884610376717,
                0.4507094739609651,
                0.09900206500136322
            ]
        ]
    ],
    [
        [
            -0.35149622794364555,
            -0.5485735637595545
        ],
        [
            [
                0.0006745781093651093,
                0.5490369608529632,
                0.4502884610376717
            ],
            [
                0.5490369608529632,
                0.00025356518607178025,
                0.4507094739609651
            ],
            [
                0.4502884610376717,
                0.4507094739609651,
                0.09900206500136322
            ]
        ]
    ],
    [
        [
            -0.351217249903761,
            -0.549008559188214
        ],
        [
            [
                0.0004132164616912348,
                0.450285525260117,
                0.5493012582781918
            ],
            [
                0.450285525260117,
                0.09918835373220425,
                0.4505261210076788
            ],
            [
                0.5493012582781918,
                0.4505261210076788,
                0.00017262071412948998
            ]
        ]
    ],
    [
        [
            -0.351854442247965,
            -0.5482978253216935
        ],
        [
            [
                0.0003486729652935061,
                0.548839457626857,
                0.45081186940784945
            ],
            [
                0.548839457626857,
                0.0007357356230202061,
                0.4504248067501228
            ],
            [
                0.45081186940784945,
                0.4504248067501228,
                0.0987633238420278
            ]
        ]
    ],
    [
        [
            -0.351854442247965,
            -0.5482978253216935
        ],
        [
            [
                0.0003486729652935061,
                0.548839457626857,
                0.45081186940784945
            ],
            [
                0.548839457626857,
                0.0007357356230202061,
                0.4504248067501228
            ],
            [
                0.45081186940784945,
                0.4504248067501228,
                0.0987633238420278
            ]
        ]
    ],
    [
        [
            -0.351854442247965,
            -0.5482978253216935
        ],
        [
            [
                0.0003486729652935061,
                0.548839457626857,
                0.45081186940784945
            ],
            [
                0.548839457626857,
                0.0007357356230202061,
                0.4504248067501228
            ],
            [
                0.45081186940784945,
                0.4504248067501228,
                0.0987633238420278
            ]
        ]
    ],
    [
        [
            -0.351854442247965,
            -0.5482978253216935
        ],
        [
            [
                0.0003486729652935061,
                0.548839457626857,
                0.45081186940784945
            ],
            [
                0.548839457626857,
                0.0007357356230202061,
                0.4504248067501228
            ],
            [
                0.45081186940784945,
                0.4504248067501228,
                0.0987633238420278
            ]
        ]
    ],
    [
        [
            0.1499394987662369,
            -0.7166154584404673
        ],
        [
            [
                0.43329299917354125,
                0.28335219220243724,
                0.28335480862402146
            ],
            [
                0.28335219220243724,
                1.682878690623113e-05,
                0.7166309790106565
            ],
            [
                0.28335480862402146,
                0.7166309790106565,
                1.4212365321952802e-05
            ]
        ]
    ],
    [
        [
            0.14984815771788612,
            -0.7165219192239617
        ],
        [
            [
                0.43323210511131793,
                0.28338778177977925,
                0.2833801131089029
            ],
            [
                0.28338778177977925,
                4.323235586523033e-05,
                0.7165689858643556
            ],
            [
                0.2833801131089029,
                0.7165689858643556,
                5.090102674154551e-05
            ]
        ]
    ],
    [
        [
            0.14996376448433746,
            -0.7166389884796687
        ],
        [
            [
                0.43330917619165976,
                0.28335295265457355,
                0.2833378711537667
            ],
            [
                0.28335295265457355,
                2.5915610102345e-07,
                0.7166467881893255
            ],
            [
                0.2833378711537667,
                0.7166467881893255,
                1.534065690789177e-05
            ]
        ]
    ],
    [
        [
            0.14976764837203216,
            -0.7164494001285592
        ],
        [
            [
                0.4331784306844183,
                0.2834368079134514,
                0.2833847614021303
            ],
            [
                0.2834368079134514,
                4.3885523866804554e-05,
                0.7165193065626818
            ],
            [
                0.2833847614021303,
                0.7165193065626818,
                9.593203518787341e-05
            ]
        ]
    ],
    [
        [
            0.1497848497801337,
            -0.716544083110423
        ],
        [
            [
                0.43318989837537036,
                0.28343035376836334,
                0.2833797478562663
            ],
            [
                0.28343035376836334,
                1.311911216328454e-07,
                0.716569515040515
            ],
            [
                0.2833797478562663,
                0.716569515040515,
                5.073710321867875e-05
            ]
        ]
    ],
    [
        [
            0.14485882267667965,
            -0.7115688833472908
        ],
        [
            [
                0.42990318857865706,
                0.28397450506774324,
                0.28612230635359964
            ],
            [
                0.28397450506774324,
                0.0027672760182941847,
                0.7132582189139626
            ],
            [
                0.28612230635359964,
                0.7132582189139626,
                0.0006194747324377303
            ]
        ]
    ],
    [
        [
            0.11967674251612394,
            -0.6864906234624314
        ],
        [
            [
                0.41294858434626225,
                0.28526749910359267,
                0.3017839165501451
            ],
            [
                0.28526749910359267,
                0.018376976076991403,
                0.6963555248194159
            ],
            [
                0.3017839165501451,
                0.6963555248194159,
                0.001860558630438991
            ]
        ]
    ],
    [
        [
            0.09318798029704474,
            -0.6598701839884727
        ],
        [
            [
                0.3952894748010095,
                0.29437533490708945,
                0.31033519029190104
            ],
            [
                0.29437533490708945,
                0.026994088446187003,
                0.6786305766467235
            ],
            [
                0.31033519029190104,
                0.6786305766467235,
                0.01103423306137541
            ]
        ]
    ],
    [
        [
            0.06446978116794407,
            -0.6311464674132484
        ],
        [
            [
                0.3762845870618511,
                0.30870384657467004,
                0.3150115663634789
            ],
            [
                0.30870384657467004,
                0.031673223240826776,
                0.6596229301845032
            ],
            [
                0.3150115663634789,
                0.6596229301845032,
                0.025365503452017935
            ]
        ]
    ],
    [
        [
            0.03316689305996579,
            -0.5998336636197366
        ],
        [
            [
                0.35479917491562474,
                0.33688198559379506,
                0.3083188394905802
            ],
            [
                0.33688198559379506,
                0.02498545421069487,
                0.6381325601955101
            ],
            [
                0.3083188394905802,
                0.6381325601955101,
                0.05354860031390962
            ]
        ]
    ],
    [
        [
            0.6496008586009934,
            -0.8830549685247695
        ],
        [
            [
                0.766400572323028,
                0.11680742701949642,
                0.11679200065747553
            ],
            [
                0.11680742701949642,
                6.494569558734842e-05,
                0.8831276272849162
            ],
            [
                0.11679200065747553,
                0.8831276272849162,
                8.037205760824673e-05
            ]
        ]
    ],
    [
        [
            0.6496165132054808,
            -0.8829895155885472
        ],
        [
            [
                0.00020585653348270672,
                0.8830974974991207,
                0.1166966459673966
            ],
            [
                0.8830974974991207,
                1.0144775863696331e-05,
                0.1168923577250156
            ],
            [
                0.1166966459673966,
                0.1168923577250156,
                0.7664109963075878
            ]
        ]
    ],
    [
        [
            0.6288378468617417,
            -0.8625311504645761
        ],
        [
            [
                0.7525562503100496,
                0.12503553656160293,
                0.12240821312834749
            ],
            [
                0.12503553656160293,
                0.005561561326930531,
                0.8694029021114665
            ],
            [
                0.12240821312834749,
                0.8694029021114665,
                0.008188884760185977
            ]
        ]
    ],
    [
        [
            0.5840460036384858,
            -0.8174902734874826
        ],
        [
            [
                0.00576635580239393,
                0.15519597484585174,
                0.8390376693517544
            ],
            [
                0.15519597484585174,
                0.7223155344272558,
                0.12248849072689239
            ],
            [
                0.8390376693517544,
                0.12248849072689239,
                0.038473839921353226
            ]
        ]
    ],
    [
        [
            0.5358116503962044,
            -0.7692982240551557
        ],
        [
            [
                0.6894879360353257,
                0.129056496661078,
                0.18145556730359635
            ],
            [
                0.129056496661078,
                0.06471228047412036,
                0.8062312228648016
            ],
            [
                0.18145556730359635,
                0.8062312228648016,
                0.012313209831602001
            ]
        ]
    ],
    [
        [
            0.48370080235034674,
            -0.7172515650103848
        ],
        [
            [
                0.10561878479666587,
                0.12571577340386075,
                0.7686654417994734
            ],
            [
                0.12571577340386075,
                0.6518900604694544,
                0.22239416612668483
            ],
            [
                0.7686654417994734,
                0.22239416612668483,
                0.008940392073841785
            ]
        ]
    ],
    [
        [
            0.4270753567680555,
            -0.6604338091174686
        ],
        [
            [
                0.07454272730889411,
                0.7347293518057371,
                0.19072792088536888
            ],
            [
                0.7347293518057371,
                0.07404869471066244,
                0.19122195348360044
            ],
            [
                0.19072792088536888,
                0.19122195348360044,
                0.6180501256310307
            ]
        ]
    ],
    [
        [
            0.36316752679702147,
            -0.5965815209921823
        ],
        [
            [
                0.08228831574942586,
                0.6917736130275826,
                0.2259380712229916
            ],
            [
                0.6917736130275826,
                0.10923107412541122,
                0.19899531284700622
            ],
            [
                0.2259380712229916,
                0.19899531284700622,
                0.5750666159300022
            ]
        ]
    ],
    [
        [
            0.28969213814760575,
            -0.5230864843145822
        ],
        [
            [
                0.5138840392494219,
                0.3137168250115705,
                0.17239913573900756
            ],
            [
                0.3137168250115705,
                0.05570196265551919,
                0.6305812123329103
            ],
            [
                0.17239913573900756,
                0.6305812123329103,
                0.19701965192808213
            ]
        ]
    ],
    [
        [
            0.1995347068552042,
            -0.43291748898077365
        ],
        [
            [
                0.27183579700730176,
                0.5461090067849538,
                0.18205519620774452
            ],
            [
                0.5461090067849538,
                0.06536380514495965,
                0.3885271880700865
            ],
            [
                0.18205519620774452,
                0.3885271880700865,
                0.42941761572216897
            ]
        ]
    ],
    [
        [
            0.9997178392743495,
            -0.9995928154662159
        ],
        [
            [
                0.9998118916650769,
                5.964368757938043e-05,
                0.00012846464734367347
            ],
            [
                5.964368757938043e-05,
                0.0001909765514104267,
                0.9997493797610102
            ],
            [
                0.00012846464734367347,
                0.9997493797610102,
                0.00012215559164618917
            ]
        ]
    ],
    [
        [
            0.9999726019711198,
            -0.9882794893672016
        ],
        [
            [
                0.9999817346452679,
                1.0592977116363755e-05,
                7.672377615786097e-06
            ],
            [
                1.0592977116363755e-05,
                0.005854228679574747,
                0.9941351783433089
            ],
            [
                7.672377615786097e-06,
                0.9941351783433089,
                0.005857149279075324
            ]
        ]
    ],
    [
        [
            0.9997331234898686,
            -0.9271043252072717
        ],
        [
            [
                0.9998220796177476,
                3.787458507487074e-05,
                0.00014004579717752375
            ],
            [
                3.787458507487074e-05,
                0.03645444493847616,
                0.963507680476449
            ],
            [
                0.00014004579717752375,
                0.963507680476449,
                0.03635227372637351
            ]
        ]
    ],
    [
        [
            0.9624879922883697,
            -0.8629000668590716
        ],
        [
            [
                0.9748884563156924,
                0.022276418428458955,
                0.002835125255848614
            ],
            [
                0.022276418428458955,
                0.0526290879704977,
                0.9250944936010433
            ],
            [
                0.002835125255848614,
                0.9250944936010433,
                0.07207038114310804
            ]
        ]
    ],
    [
        [
            0.8934935883958873,
            -0.7937365082565406
        ],
        [
            [
                0.07233167515253358,
                0.8789121223565459,
                0.0487562024909205
            ],
            [
                0.8789121223565459,
                0.09863474256059346,
                0.02245313508286062
            ],
            [
                0.0487562024909205,
                0.02245313508286062,
                0.9287906624262189
            ]
        ]
    ],
    [
        [
            0.8176730973504163,
            -0.717824786493911
        ],
        [
            [
                0.05901033909435316,
                0.11621598618226514,
                0.8247736747233817
            ],
            [
                0.11621598618226514,
                0.8746978301516342,
                0.009086183666100645
            ],
            [
                0.8247736747233817,
                0.009086183666100645,
                0.1661401416105177
            ]
        ]
    ],
    [
        [
            0.7332853979785263,
            -0.6333923748858037
        ],
        [
            [
                0.8114281781952362,
                0.009037534135395542,
                0.1795342876693683
            ],
            [
                0.009037534135395542,
                0.22948079921572984,
                0.7614816666488746
            ],
            [
                0.1795342876693683,
                0.7614816666488746,
                0.05898404568175708
            ]
        ]
    ],
    [
        [
            0.6371398903712537,
            -0.5372122951124086
        ],
        [
            [
                0.10605718667857356,
                0.6999471230418305,
                0.19399569027959596
            ],
            [
                0.6999471230418305,
                0.24395948790901878,
                0.05609338904915079
            ],
            [
                0.19399569027959596,
                0.05609338904915079,
                0.7499109206712533
            ]
        ]
    ],
    [
        [
            0.5215318845263093,
            -0.4216245412794225
        ],
        [
            [
                0.6809771518570549,
                0.16407182531159198,
                0.1549510228313531
            ],
            [
                0.16407182531159198,
                0.20490469445479653,
                0.6310234802336115
            ],
            [
                0.1549510228313531,
                0.6310234802336115,
                0.21402549693503536
            ]
        ]
    ],
    [
        [
            0.36630336017436904,
            -0.26632555716562323
        ],
        [
            [
                0.513732410001935,
                0.37401057047096153,
                0.11225701952710343
            ],
            [
                0.37401057047096153,
                0.16224592103147617,
                0.46374350849756224
            ],
            [
                0.11225701952710343,
                0.46374350849756224,
                0.4239994719753344
            ]
        ]
    ],
    [
        [
            0.9997180627815078,
            -0.7655443237686396
        ],
        [
            [
                0.9998120348827917,
                1.5539556834920365e-05,
                0.0001724255603733904
            ],
            [
                1.5539556834920365e-05,
                0.11725929506680743,
                0.8827251653763577
            ],
            [
                0.0001724255603733904,
                0.8827251653763577,
                0.11710240906326885
            ]
        ]
    ],
    [
        [
            0.9997474324676653,
            -0.7600781264283524
        ],
        [
            [
                0.9998316206698082,
                0.00011348438359426449,
                5.489494659749461e-05
            ],
            [
                0.00011348438359426449,
                0.11988954796625384,
                0.8799969676501519
            ],
            [
                5.489494659749461e-05,
                0.8799969676501519,
                0.11994813740325061
            ]
        ]
    ],
    [
        [
            0.9980726356284196,
            -0.7036625355306414
        ],
        [
            [
                0.14788167132805174,
                0.0006082896737871768,
                0.851510038998161
            ],
            [
                0.0006082896737871768,
                0.99871508904705,
                0.0006766212791628479
            ],
            [
                0.851510038998161,
                0.0006766212791628479,
                0.14781333972267618
            ]
        ]
    ],
    [
        [
            0.9998412066808889,
            -0.6469710618283945
        ],
        [
            [
                0.9998941377862077,
                5.200066096433531e-05,
                5.3861552827938475e-05
            ],
            [
                5.200066096433531e-05,
                0.17648893397907506,
                0.8234590653599606
            ],
            [
                5.3861552827938475e-05,
                0.8234590653599606,
                0.17648707308721145
            ]
        ]
    ],
    [
        [
            0.9995103572002149,
            -0.5911381964576958
        ],
        [
            [
                0.20450809898335187,
                0.7954874593930265,
                4.441623621731505e-06
            ],
            [
                0.7954874593930265,
                0.2041905219948814,
                0.0003220186120920787
            ],
            [
                4.441623621731505e-06,
                0.0003220186120920787,
                0.9996735397642862
            ]
        ]
    ],
    [
        [
            0.9582024160475637,
            -0.5251850930887687
        ],
        [
            [
                0.9718859250327008,
                0.027645610936623433,
                0.000468464030675797
            ],
            [
                0.027645610936623433,
                0.2169771255100732,
                0.7553772635533034
            ],
            [
                0.000468464030675797,
                0.7553772635533034,
                0.24415427241602083
            ]
        ]
    ],
    [
        [
            0.8778535275998107,
            -0.4447955960763149
        ],
        [
            [
                0.9174939999504488,
                0.014605873415446002,
                0.06790012663410527
            ],
            [
                0.014605873415446002,
                0.2844290923958528,
                0.7009650341887012
            ],
            [
                0.06790012663410527,
                0.7009650341887012,
                0.23113483917719357
            ]
        ]
    ],
    [
        [
            0.786823646077506,
            -0.3536853870008818
        ],
        [
            [
                0.8515838570842773,
                0.13389086663544764,
                0.014525276280275112
            ],
            [
                0.13389086663544764,
                0.2310944058185873,
                0.6350147275459651
            ],
            [
                0.014525276280275112,
                0.6350147275459651,
                0.3504599961737598
            ]
        ]
    ],
    [
        [
            0.6780087626128031,
            -0.2446968470504831
        ],
        [
            [
                0.21738086697202097,
                0.24954681166185605,
                0.533072321366123
            ],
            [
                0.24954681166185605,
                0.749728279147283,
                0.0007249091908608785
            ],
            [
                0.533072321366123,
                0.0007249091908608785,
                0.4662027694430161
            ]
        ]
    ],
    [
        [
            0.5333498650237013,
            -0.10003345386999622
        ],
        [
            [
                0.6696073806442111,
                0.08883773534304529,
                0.24155488401274355
            ],
            [
                0.08883773534304529,
                0.4582130895895964,
                0.4529491750673583
            ],
            [
                0.24155488401274355,
                0.4529491750673583,
                0.30549594091989807
            ]
        ]
    ],
    [
        [
            0.99948924077486,
            -0.4324044882363315
        ],
        [
            [
                0.2836328728327664,
                0.7161171086947735,
                0.00025001847246003406
            ],
            [
                0.7161171086947735,
                0.28379239474172424,
                9.049656350218482e-05
            ],
            [
                0.00025001847246003406,
                9.049656350218482e-05,
                0.9996594849640378
            ]
        ]
    ],
    [
        [
            0.9998391341092167,
            -0.4329961958303836
        ],
        [
            [
                0.2834336520111469,
                0.7164712845363325,
                9.50634525205829e-05
            ],
            [
                0.7164712845363325,
                0.2835165325919371,
                1.2182871730492817e-05
            ],
            [
                9.50634525205829e-05,
                1.2182871730492817e-05,
                0.9998927536757489
            ]
        ]
    ],
    [
        [
            0.9997545993604733,
            -0.3963628255938862
        ],
        [
            [
                0.3018369312316149,
                2.2561105643748025e-05,
                0.6981405076627414
            ],
            [
                2.2561105643748025e-05,
                0.9998363945460349,
                0.00014104434832140633
            ],
            [
                0.6981405076627414,
                0.00014104434832140633,
                0.3017184479889372
            ]
        ]
    ],
    [
        [
            0.9990631305547489,
            -0.3529814158958721
        ],
        [
            [
                0.3234343750368789,
                0.00023107168154418156,
                0.6763345532815769
            ],
            [
                0.00023107168154418156,
                0.9993754106110154,
                0.00039351770744039394
            ],
            [
                0.6763345532815769,
                0.00039351770744039394,
                0.3232719290109827
            ]
        ]
    ],
    [
        [
            0.99940283646268,
            -0.3095904885722651
        ],
        [
            [
                0.3452320814977349,
                7.2226053954072e-05,
                0.654695692448311
            ],
            [
                7.2226053954072e-05,
                0.9996018663935184,
                0.0003259075525275379
            ],
            [
                0.654695692448311,
                0.0003259075525275379,
                0.34497839999916136
            ]
        ]
    ],
    [
        [
            0.9998133824907955,
            -0.2665756637169734
        ],
        [
            [
                0.36673274575525006,
                0.6332567247225308,
                1.0529522219138165e-05
            ],
            [
                0.6332567247225308,
                0.3666293889091303,
                0.00011388636833881138
            ],
            [
                1.0529522219138165e-05,
                0.00011388636833881138,
                0.999875584109442
            ]
        ]
    ],
    [
        [
            0.9835180120818644,
            -0.21690061174493114
        ],
        [
            [
                0.9889988344230265,
                0.0026886784214342763,
                0.008312487155539172
            ],
            [
                0.0026886784214342763,
                0.39162118732400586,
                0.6056901342545599
            ],
            [
                0.008312487155539172,
                0.6056901342545599,
                0.3859973785899009
            ]
        ]
    ],
    [
        [
            0.9064896380973236,
            -0.13983981008377844
        ],
        [
            [
                0.40216068497498414,
                0.04380246546737221,
                0.5540368495576437
            ],
            [
                0.04380246546737221,
                0.9373617635644163,
                0.01883577096821154
            ],
            [
                0.5540368495576437,
                0.01883577096821154,
                0.4271273794741448
            ]
        ]
    ],
    [
        [
            0.8159045622253436,
            -0.04923860747171448
        ],
        [
            [
                0.8764011642107615,
                0.04243084407063441,
                0.08116799171860406
            ],
            [
                0.04243084407063441,
                0.46450096909541894,
                0.49306818683394665
            ],
            [
                0.08116799171860406,
                0.49306818683394665,
                0.4257638214474493
            ]
        ]
    ],
    [
        [
            0.7003101991768516,
            0.0663411035725684
        ],
        [
            [
                0.4018459877565659,
                0.21389649463814941,
                0.38425751760528476
            ],
            [
                0.21389649463814941,
                0.7675831689799949,
                0.018520336381855684
            ],
            [
                0.38425751760528476,
                0.018520336381855684,
                0.5972221460128595
            ]
        ]
    ],
    [
        [
            0.9997920412938767,
            -0.09962682936469106
        ],
        [
            [
                0.45019105073299914,
                0.54977875211348,
                3.0197153520872266e-05
            ],
            [
                0.54977875211348,
                0.45011280311811364,
                0.00010844476840632389
            ],
            [
                3.0197153520872266e-05,
                0.00010844476840632389,
                0.9998613580780729
            ]
        ]
    ],
    [
        [
            0.9999515048786051,
            -0.0999147628446092
        ],
        [
            [
                0.450018592753229,
                3.2108806930331024e-05,
                0.5499492984398408
            ],
            [
                3.2108806930331024e-05,
                0.9999676694568387,
                2.2173623104304596e-07
            ],
            [
                0.5499492984398408,
                2.2173623104304596e-07,
                0.4500504798239282
            ]
        ]
    ],
    [
        [
            0.9998426571861357,
            -0.0828147088284967
        ],
        [
            [
                0.4585929118137878,
                2.5958870506159748e-05,
                0.541381129315706
            ],
            [
                2.5958870506159748e-05,
                0.9998951034945256,
                7.89376349683013e-05
            ],
            [
                0.541381129315706,
                7.89376349683013e-05,
                0.4585399330493256
            ]
        ]
    ],
    [
        [
            0.999712367190663,
            -0.04945087171614037
        ],
        [
            [
                0.9998082274103288,
                0.0001913799396182081,
                3.926500529716215e-07
            ],
            [
                0.0001913799396182081,
                0.4751311403873142,
                0.5246774796730677
            ],
            [
                3.926500529716215e-07,
                0.5246774796730677,
                0.4753221276768793
            ]
        ]
    ],
    [
        [
            0.9999869847674638,
            -0.016188694455220587
        ],
        [
            [
                0.9999913231668972,
                1.9304605853864842e-06,
                6.746372517407728e-06
            ],
            [
                1.9304605853864842e-06,
                0.49190589152863895,
                0.5080921780107757
            ],
            [
                6.746372517407728e-06,
                0.5080921780107757,
                0.49190107561670693
            ]
        ]
    ],
    [
        [
            0.9999419319517957,
            0.017289150150282963
        ],
        [
            [
                0.9999612878006047,
                2.8421355708185825e-05,
                1.0290843687144058e-05
            ],
            [
                2.8421355708185825e-05,
                0.5086258318947265,
                0.4913457467495652
            ],
            [
                1.0290843687144058e-05,
                0.4913457467495652,
                0.5086439624067476
            ]
        ]
    ],
    [
        [
            0.999948901906838,
            0.050698984392772664
        ],
        [
            [
                0.5253431149922565,
                0.4746419914451122,
                1.4893562631235202e-05
            ],
            [
                0.4746419914451122,
                0.5253388367124366,
                1.917184245114889e-05
            ],
            [
                1.4893562631235202e-05,
                1.917184245114889e-05,
                0.9999659345949177
            ]
        ]
    ],
    [
        [
            0.9997632633766876,
            0.08423588319313277
        ],
        [
            [
                0.5421215435961022,
                3.585815409390403e-05,
                0.45784259824980394
            ],
            [
                3.585815409390403e-05,
                0.9998421715347141,
                0.00012197031119198787
            ],
            [
                0.45784259824980394,
                0.00012197031119198787,
                0.5420354314390041
            ]
        ]
    ],
    [
        [
            0.9591040144125829,
            0.14086097974968448
        ],
        [
            [
                0.5652844187622814,
                0.011968857314738679,
                0.42274672392297996
            ],
            [
                0.011968857314738679,
                0.9727292210041137,
                0.015301921681147579
            ],
            [
                0.42274672392297996,
                0.015301921681147579,
                0.5619513543958725
            ]
        ]
    ],
    [
        [
            0.8667646010299044,
            0.2331547054595113
        ],
        [
            [
                0.9099015539708541,
                0.06511558346198576,
                0.024982862567160036
            ],
            [
                0.06511558346198576,
                0.5749425158118681,
                0.3599419007261462
            ],
            [
                0.024982862567160036,
                0.3599419007261462,
                0.6150752367066938
            ]
        ]
    ],
    [
        [
            0.9996047310333751,
            0.23375919773554854
        ],
        [
            [
                0.6167640691794916,
                0.00018141428826717876,
                0.3830545165322412
            ],
            [
                0.00018141428826717876,
                0.9997364809167032,
                8.210479502962498e-05
            ],
            [
                0.3830545165322412,
                8.210479502962498e-05,
                0.6168633786727291
            ]
        ]
    ],
    [
        [
            0.9998156591004582,
            0.23355439882989826
        ],
        [
            [
                0.6167327644409468,
                7.51589479839887e-05,
                0.38319207661106913
            ],
            [
                7.51589479839887e-05,
                0.9998771055762474,
                4.773547576852888e-05
            ],
            [
                0.38319207661106913,
                4.773547576852888e-05,
                0.6167601879131623
            ]
        ]
    ],
    [
        [
            0.9997613899517105,
            0.23710826478422697
        ],
        [
            [
                0.999840910453861,
                0.00015809473902494986,
                9.94807114074181e-07
            ],
            [
                0.00015809473902494986,
                0.6184358221750826,
                0.3814060830858924
            ],
            [
                9.94807114074181e-07,
                0.3814060830858924,
                0.6185929221069935
            ]
        ]
    ],
    [
        [
            0.9987630372364755,
            0.2643347844886679
        ],
        [
            [
                0.9991753397361249,
                0.0003300826749106922,
                0.0004945775889643733
            ],
            [
                0.0003300826749106922,
                0.6320434884515362,
                0.36762642887355307
            ],
            [
                0.0004945775889643733,
                0.36762642887355307,
                0.6318789935374826
            ]
        ]
    ],
    [
        [
            0.9981771093531226,
            0.29152160302660146
        ],
        [
            [
                0.9987845480636061,
                0.0008678491201391525,
                0.0003476028162547884
            ],
            [
                0.0008678491201391525,
                0.6451969590061168,
                0.353935191873744
            ],
            [
