[
    [
        [
            0.9999999949869537,
            -0.43427659840807875,
            -0.5219077759405906,
            -0.9999999913603022
        ],
        [
            [
                1.5332130454126514e-08,
                1.2347528555167742e-10,
                0.4780921950041463,
                2.301897394918484e-09,
                0.5219077872383506
            ],
            [
                1.2347528555167742e-10,
                4.332716074806342e-09,
                9.746931040055529e-10,
                0.9999999941762374,
                3.928780634154805e-10
            ],
            [
                0.4780921950041463,
                9.746931040055529e-10,
                0.043815601050591235,
                4.395001029777745e-11,
                0.47809220292661936
            ],
            [
                2.301897394918484e-09,
                0.9999999941762374,
                4.395001029777745e-11,
                1.299153895573113e-09,
                2.178761393523132e-09
            ],
            [
                0.5219077872383506,
                3.928780634154805e-10,
                0.47809220292661936,
                2.178761393523132e-09,
                7.263390555678484e-09
            ]
        ]
    ],
    [
        [
            0.9999999880858789,
            -0.452131938482066,
            -0.5159559268951064,
            -0.9999999902321125
        ],
        [
            [
                8.105132121016823e-10,
                0.9999999915418198,
                4.973571554600653e-10,
                2.10780620735207e-09,
                5.04250352584279e-09
            ],
            [
                0.9999999915418198,
                1.8089014730549025e-09,
                1.4442500528843993e-09,
                4.381449036916507e-09,
                8.235795934119494e-10
            ],
            [
                4.973571554600653e-10,
                1.4442500528843993e-09,
                7.704196602897895e-08,
                0.5159559724787761,
                0.48404394853765065
            ],
            [
                2.10780620735207e-09,
                4.381449036916507e-09,
                0.5159559724787761,
                1.4125458025482374e-08,
                0.4840440069065106
            ],
            [
                5.04250352584279e-09,
                8.235795934119494e-10,
                0.48404394853765065,
                0.4840440069065106,
                0.03191203868975556
            ]
        ]
    ],
    [
        [
            0.9999999999568008,
            -0.47019548218469176,
            -0.5099348388959287,
            -0.9999999999483049
        ],
        [
            [
                9.198419803624347e-12,
                1.1379397424349236e-11,
                0.9999999999611925,
                1.504169011568024e-11,
                3.1879499040599057e-12
            ],
            [
                1.1379397424349236e-11,
                0.019869678540663682,
                1.5734080704987718e-12,
                0.4900651605326402,
                0.4900651609137433
            ],
            [
                0.9999999999611925,
                1.5734080704987718e-12,
                1.6576295891468362e-11,
                1.9411028340243774e-11,
                1.2467249455028195e-12
            ],
            [
                1.504169011568024e-11,
                0.4900651605326402,
                1.9411028340243774e-11,
                3.562603545503862e-10,
                0.5099348390766467
            ],
            [
                3.1879499040599057e-12,
                0.4900651609137433,
                1.2467249455028195e-12,
                0.5099348390766467,
                5.175304629290167e-12
            ]
        ]
    ],
    [
        [
            0.9999999563750915,
            -0.4884755293607903,
            -0.503841125998951,
            -0.999999941766319
        ],
        [
            [
                2.5562442673709995e-07,
                0.49615842228742046,
                0.5038413044060942,
                7.958966430354764e-09,
                9.723092164737324e-09
            ],
            [
                0.49615842228742046,
                0.007682970373541487,
                0.49615858353639286,
                1.83488177429858e-08,
                5.453827389700905e-09
            ],
            [
                0.5038413044060942,
                0.49615858353639286,
                1.0119232651817356e-07,
                1.8598773077194153e-09,
                9.00530910952213e-09
            ],
            [
                7.958966430354764e-09,
                1.83488177429858e-08,
                1.8598773077194153e-09,
                1.4036651618809515e-08,
                0.999999957795687
            ],
            [
                9.723092164737324e-09,
                5.453827389700905e-09,
                9.00530910952213e-09,
                0.999999957795687,
                1.8022084380397985e-08
            ]
        ]
    ],
    [
        [
            0.9999999999999859,
            -0.4999999999999837,
            -0.4999999999999907,
            -0.9999999999999819
        ],
        [
            [
                1.7763568394002505e-15,
                0.49999999999999256,
                7.049916206369744e-15,
                0.4999999999999953,
                3.3306690738754696e-15
            ],
            [
                0.49999999999999256,
                9.992007221626409e-15,
                1.4432899320127035e-15,
                0.4999999999999936,
                2.4980018054066022e-15
            ],
            [
                7.049916206369744e-15,
                1.4432899320127035e-15,
                1.9984014443252818e-15,
                2.609024107869118e-15,
                0.9999999999999869
            ],
            [
                0.4999999999999953,
                0.4999999999999936,
                2.609024107869118e-15,
                8.215650382226158e-15,
                1.6653345369377348e-16
            ],
            [
                3.3306690738754696e-15,
                2.4980018054066022e-15,
                0.9999999999999869,
                1.6653345369377348e-16,
                7.105427357601002e-15
            ]
        ]
    ],
    [
        [
            0.9999999999426797,
            -0.4999999998475001,
            -0.4999999999018782,
            -0.9999999999463315
        ],
        [
            [
                1.2669865157022286e-11,
                0.9999999999559699,
                4.014399923590872e-12,
                7.475520202859798e-12,
                1.9870327605531202e-11
            ],
            [
                0.9999999999559699,
                6.6062710857295315e-12,
                1.3464673820351436e-11,
                2.2617407946512458e-11,
                1.341760036410733e-12
            ],
            [
                4.014399923590872e-12,
                1.3464673820351436e-11,
                9.101763787100481e-11,
                0.4999999999564143,
                0.499999999935089
            ],
            [
                7.475520202859798e-12,
                2.2617407946512458e-11,
                0.4999999999564143,
                5.3234749941566406e-11,
                0.49999999996025796
            ],
            [
                1.9870327605531202e-11,
                1.341760036410733e-12,
                0.499999999935089,
                0.49999999996025796,
                8.344103186175289e-11
            ]
        ]
    ],
    [
        [
            0.9999993213897453,
            -0.49999842253203297,
            -0.49999972624920397,
            -0.9999985720881369
        ],
        [
            [
                7.975821225691959e-07,
                0.49999971614141453,
                2.3312925157004116e-07,
                9.107464482571714e-08,
                0.4999991620725665
            ],
            [
                0.49999971614141453,
                1.438916452656258e-07,
                5.8776345679412145e-08,
                1.5645804785080486e-07,
                0.4999999247325467
            ],
            [
                2.3312925157004116e-07,
                5.8776345679412145e-08,
                4.530657506940372e-07,
                0.9999990824609737,
                1.7256767831375086e-07
            ],
            [
                9.107464482571714e-08,
                1.5645804785080486e-07,
                0.9999990824609737,
                5.676799885723227e-07,
                1.0232634506390781e-07
            ],
            [
                0.4999991620725665,
                0.4999999247325467,
                1.7256767831375086e-07,
                1.0232634506390781e-07,
                6.383008633870091e-07
            ]
        ]
    ],
    [
        [
            0.9999999998899728,
            -0.49999999984861715,
            -0.49999999997697764,
            -0.9999999994983867
        ],
        [
            [
                2.3257107351071227e-10,
                1.0060674515699475e-11,
                1.0560663454839414e-11,
                3.062278208787461e-11,
                0.9999999997161848
            ],
            [
                1.0060674515699475e-11,
                1.546274219776933e-11,
                0.4999999999999781,
                0.49999999994716254,
                2.7335966823471836e-11
            ],
            [
                1.0560663454839414e-11,
                0.4999999999999781,
                3.771161161125747e-11,
                0.49999999992164545,
                3.01041969130722e-11
            ],
            [
                3.062278208787461e-11,
                0.49999999994716254,
                0.49999999992164545,
                7.721978612096336e-11,
                2.3349433497799055e-11
            ],
            [
                0.9999999997161848,
                2.7335966823471836e-11,
                3.01041969130722e-11,
                2.3349433497799055e-11,
                2.0302570735708514e-10
            ]
        ]
    ],
    [
        [
            0.9999999740395809,
            -0.4999999320811737,
            -0.4999999997392468,
            -0.999999911094232
        ],
        [
            [
                3.7890090065495485e-08,
                0.49999997503613874,
                1.091486068194314e-09,
                0.49999997093182885,
                1.5050456325660377e-08
            ],
            [
                0.49999997503613874,
                8.850152166672842e-09,
                5.551377635359955e-09,
                0.5000000095580747,
                1.004256733327935e-09
            ],
            [
                1.091486068194314e-09,
                5.551377635359955e-09,
                4.387822738483038e-08,
                1.7199186519434306e-09,
                0.9999999477589903
            ],
            [
                0.49999997093182885,
                0.5000000095580747,
                1.7199186519434306e-09,
                1.1055170112683754e-08,
                6.735007662683756e-09
            ],
            [
                1.5050456325660377e-08,
                1.004256733327935e-09,
                0.9999999477589903,
                6.735007662683756e-09,
                2.945128896314486e-08
            ]
        ]
    ],
    [
        [
            0.9999999999995234,
            -0.4999999999996607,
            -0.4999999999999469,
            -0.9999999999992126
        ],
        [
            [
                2.8954616482224083e-13,
                7.188694084447889e-14,
                7.494005416219807e-14,
                1.0025313912365164e-13,
                0.9999999999994634
            ],
            [
                7.188694084447889e-14,
                1.5076828674409626e-13,
                0.4999999999997487,
                0.4999999999999747,
                5.395683899678261e-14
            ],
            [
                7.494005416219807e-14,
                0.4999999999997487,
                2.4202861936828413e-14,
                0.4999999999998898,
                2.623457007189245e-13
            ],
            [
                1.0025313912365164e-13,
                0.4999999999999747,
                0.4999999999998898,
                2.6867397195928788e-14,
                8.382183835919932e-15
            ],
            [
                0.9999999999994634,
                5.395683899678261e-14,
                2.623457007189245e-13,
                8.382183835919932e-15,
                2.1183055309847987e-13
            ]
        ]
    ],
    [
        [
            0.9999987839960905,
            -0.4123383828866491,
            -0.5292186873941855,
            -0.9986039792258119
        ],
        [
            [
                1.2213325946142106e-06,
                0.5292193372925542,
                1.7823826337082238e-07,
                0.4707790441138089,
                2.190227789133914e-07
            ],
            [
                0.5292193372925542,
                7.847224925416896e-08,
                6.438396250585399e-07,
                0.4707796673323607,
                2.730632108205455e-07
            ],
            [
                1.7823826337082238e-07,
                6.438396250585399e-07,
                0.0006974215120820748,
                1.3159842865428928e-07,
                0.9993016248116009
            ],
            [
                0.4707790441138089,
                0.4707796673323607,
                1.3159842865428928e-07,
                0.0584411435127552,
                1.3442646495942512e-08
            ],
            [
                2.190227789133914e-07,
                2.730632108205455e-07,
                0.9993016248116009,
                1.3442646495942512e-08,
                0.0006978696597628176
            ]
        ]
    ],
    [
        [
            0.9999918158649069,
            -0.4363262495873483,
            -0.5211878421306747,
            -0.9920954276003615
        ],
        [
            [
                0.003949276481877151,
                5.452798876870446e-07,
                1.0545352562285615e-06,
                0.9960452585454883,
                3.86515749067895e-06
            ],
            [
                5.452798876870446e-07,
                7.144659027069622e-06,
                0.5212053909988026,
                4.093301980756525e-06,
                0.4787828257603019
            ],
            [
                1.0545352562285615e-06,
                0.5212053909988026,
                2.7959079988759683e-05,
                3.993104852328955e-08,
                0.478765555454904
            ],
            [
                0.9960452585454883,
                4.093301980756525e-06,
                3.993104852328955e-08,
                0.003950385459903116,
                2.2276157929379536e-07
            ],
            [
                3.86515749067895e-06,
                0.4787828257603019,
                0.478765555454904,
                2.2276157929379536e-07,
                0.04244753086572406
            ]
        ]
    ],
    [
        [
            0.9999988175466165,
            -0.4616428694583359,
            -0.5127840465555217,
            -0.9845535502850667
        ],
        [
            [
                9.440265968940764e-07,
                0.5127848126167807,
                0.48721396424456626,
                2.0233052666629447e-07,
                7.678152946777317e-08
            ],
            [
                0.5127848126167807,
                5.880982478778662e-07,
                0.4872142081642406,
                2.49337914759451e-07,
                1.4178281609877885e-07
            ],
            [
                0.48721396424456626,
                0.4872142081642406,
                0.025571078879832787,
                1.8972362569869006e-07,
                5.589877346556804e-07
            ],
            [
                2.0233052666629447e-07,
                2.49337914759451e-07,
                1.8972362569869006e-07,
                0.007722938201513596,
                0.9922764204064193
            ],
            [
                7.678152946777317e-08,
                1.4178281609877885e-07,
                5.589877346556804e-07,
                0.9922764204064193,
                0.007722802041500554
            ]
        ]
    ],
    [
        [
            0.999997009176258,
            -0.4888134073875281,
            -0.5036907847035019,
            -0.9757523854477688
        ],
        [
            [
                0.007457327218662213,
                3.1896372054696087e-07,
                0.49628716751697777,
                0.4962543592778646,
                8.270227749851422e-07
            ],
            [
                3.1896372054696087e-07,
                0.012122325547327173,
                9.4011945539485e-07,
                1.1198935948586453e-06,
                0.987875295475902
            ],
            [
                0.49628716751697777,
                9.4011945539485e-07,
                2.374860016085556e-06,
                0.5037093729216627,
                1.4458188801746985e-07
            ],
            [
                0.4962543592778646,
                1.1198935948586453e-06,
                0.5037093729216627,
                3.490949944839894e-05,
                2.384074294647931e-07
            ],
            [
                8.270227749851422e-07,
                0.987875295475902,
                1.4458188801746985e-07,
                2.384074294647931e-07,
                0.012123494512005561
            ]
        ]
    ],
    [
        [
            0.9999961011240323,
            -0.4999929786759598,
            -0.49999773692294097,
            -0.9718698833256604
        ],
        [
            [
                3.520371701926095e-07,
                1.1226100665728822e-06,
                1.6337137804245394e-06,
                0.49999760497765305,
                0.49999928666132976
            ],
            [
                1.1226100665728822e-06,
                0.014064107995006125,
                0.985933771999341,
                7.675166727172389e-07,
                2.2987891373782432e-07
            ],
            [
                1.6337137804245394e-06,
                0.985933771999341,
                0.014063669352991415,
                9.071096371271459e-07,
                1.7824250131415198e-08
            ],
            [
                0.49999760497765305,
                7.675166727172389e-07,
                9.071096371271459e-07,
                3.813787417428216e-06,
                0.4999969066086197
            ],
            [
                0.49999928666132976,
                2.2987891373782432e-07,
                1.7824250131415198e-08,
                0.4999969066086197,
                3.559026886756911e-06
            ]
        ]
    ],
    [
        [
            0.9999997973547008,
            -0.4999994393802234,
            -0.4999999357537821,
            -0.9718618188912806
        ],
        [
            [
                3.3591758930029414e-08,
                1.139502131541903e-08,
                5.854267071114805e-08,
                0.4999998851595788,
                0.5000000113109702
            ],
            [
                1.139502131541903e-08,
                0.01406901150987716,
                0.9859308486520472,
                8.12869404565042e-08,
                4.7156113958113366e-08
            ],
            [
                5.854267071114805e-08,
                0.9859308486520472,
                0.014069048011667418,
                4.479032794657556e-08,
                3.2867042421003134e-12
            ],
            [
                0.4999998851595788,
                8.12869404565042e-08,
                4.479032794657556e-08,
                2.7872481767055035e-07,
                0.4999997100383351
            ],
            [
                0.5000000113109702,
                4.7156113958113366e-08,
                3.2867042421003134e-12,
                0.4999997100383351,
                2.3149129413368996e-07
            ]
        ]
    ],
    [
        [
            0.9999999969665928,
            -0.4999999948200009,
            -0.49999999747922025,
            -0.9718613408215278
        ],
        [
            [
                2.548173783090135e-09,
                1.02304970051037e-09,
                0.4999999987936103,
                0.49999999753655033,
                9.861589322923692e-11
            ],
            [
                1.02304970051037e-09,
                0.014069328956615057,
                5.077498421712789e-10,
                1.1843692693247476e-11,
                0.9859306695007417
            ],
            [
                0.4999999987936103,
                5.077498421712789e-10,
                1.083668710322172e-09,
                0.4999999986060872,
                1.0088840318722703e-09
            ],
            [
                0.49999999753655033,
                1.1843692693247476e-11,
                0.4999999986060872,
                2.855572889259861e-09,
                9.899459030293656e-10
            ],
            [
                9.861589322923692e-11,
                0.9859306695007417,
                1.0088840318722703e-09,
                9.899459030293656e-10,
                0.01406932840181252
            ]
        ]
    ],
    [
        [
            0.9999997237737729,
            -0.49999970700190494,
            -0.500000009519108,
            -0.9718616547938012
        ],
        [
            [
                1.4342871179628958e-07,
                0.49999986539788194,
                0.49999985808263836,
                5.473283748447244e-08,
                7.835793047750172e-08
            ],
            [
                0.49999986539788194,
                2.503179619139928e-08,
                0.5000000242894966,
                5.019750348722596e-08,
                3.508332180324203e-08
            ],
            [
                0.49999985808263836,
                0.5000000242894966,
                4.527982433444322e-09,
                9.36586329047806e-08,
                1.9441249665685945e-08
            ],
            [
                5.473283748447244e-08,
                5.019750348722596e-08,
                9.36586329047806e-08,
                0.014069056881997444,
                0.9859307445290286
            ],
            [
                7.835793047750172e-08,
                3.508332180324203e-08,
                1.9441249665685945e-08,
                0.9859307445290286,
                0.014069122588469485
            ]
        ]
    ],
    [
        [
            0.9999935789708635,
            -0.4999939152461473,
            -0.5000001714223359,
            -0.971870156416421
        ],
        [
            [
                2.6619950244111124e-06,
                0.4999997886572439,
                6.216975220185716e-07,
                0.49999543825206305,
                1.4893981466479467e-06
            ],
            [
                0.4999997886572439,
                3.398602623772007e-07,
                6.195507910033982e-07,
                0.49999924801464213,
                3.917060620306501e-09
            ],
            [
                6.216975220185716e-07,
                6.195507910033982e-07,
                0.014060945765046906,
                4.6610993025275604e-06,
                0.9859331518873375
            ],
            [
                0.49999543825206305,
                0.49999924801464213,
                4.6610993025275604e-06,
                3.430510810975562e-07,
                3.095829112509385e-07
            ],
            [
                1.4893981466479467e-06,
                3.917060620306501e-09,
                0.9859331518873375,
                3.095829112509385e-07,
                0.014065045214543881
            ]
        ]
    ],
    [
        [
            0.999999907520391,
            -0.49999973975644163,
            -0.4999999259716061,
            -0.971861594431471
        ],
        [
            [
                0.014069142771701237,
                1.2843767549508556e-08,
                0.985930769471851,
                4.886907478685032e-08,
                2.6043605438896833e-08
            ],
            [
                1.2843767549508556e-08,
                1.0292019814173159e-07,
                1.5008745357647513e-08,
                0.49999998556555547,
                0.49999988366173337
            ],
            [
                0.985930769471851,
                1.5008745357647513e-08,
                0.014069207309064469,
                9.962640712402049e-10,
                7.214075059547298e-09
            ],
            [
                4.886907478685032e-08,
                0.49999998556555547,
                9.962640712402049e-10,
                3.792421421344727e-08,
                0.49999992664489146
            ],
            [
                2.6043605438896833e-08,
                0.49999988366173337,
                7.214075059547298e-09,
                0.49999992664489146,
                1.5643569462042706e-07
            ]
        ]
    ],
    [
        [
            0.9552050528031477,
            -0.4224793286683375,
            -0.5167060979906646,
            -0.9162277700584406
        ],
        [
            [
                0.0004343994381830196,
                0.00583875341368334,
                0.46934716946407107,
                0.0065198706382395,
                0.5178598070458231
            ],
            [
                0.00583875341368334,
                0.021921583643798703,
                0.017669679279651684,
                0.944598862403809,
                0.009971121259057358
            ],
            [
                0.46934716946407107,
                0.017669679279651684,
                0.040347376758736786,
                0.008208786880332608,
                0.4644269876172078
            ],
            [
                0.0065198706382395,
                0.944598862403809,
                0.008208786880332608,
                0.035009446122346466,
                0.00566303395527229
            ],
            [
                0.5178598070458231,
                0.009971121259057358,
                0.4644269876172078,
                0.00566303395527229,
                0.0020790501226393143
            ]
        ]
    ],
    [
        [
            0.9634358411492194,
            -0.4683562226431771,
            -0.5020483459580287,
            -0.8931741538706861
        ],
        [
            [
                0.0019884105827241427,
                0.00436238180796078,
                0.5058930079051757,
                0.48654062316898744,
                0.0012155765351520298
            ],
            [
                0.00436238180796078,
                0.03126304919370182,
                0.0036313909206637796,
                0.025422759454074184,
                0.9353204186235995
            ],
            [
                0.5058930079051757,
                0.0036313909206637796,
                0.008642433002021055,
                0.4780198375627646,
                0.003813330609374943
            ],
            [
                0.48654062316898744,
                0.025422759454074184,
                0.4780198375627646,
                0.004164665740590268,
                0.005852114073583381
            ],
            [
                0.0012155765351520298,
                0.9353204186235995,
                0.003813330609374943,
                0.005852114073583381,
                0.05379856015829021
            ]
        ]
    ],
    [
        [
            0.966870961793861,
            -0.47481160094897096,
            -0.5115349392495613,
            -0.8805418811994175
        ],
        [
            [
                0.00014152444048465274,
                0.010550566866377564,
                0.48094492151685314,
                0.4874521643128794,
                0.020910822863405287
            ],
            [
                0.010550566866377564,
                0.05584129363451329,
                0.0032411139451796744,
                0.00018757871090568923,
                0.9301794468430238
            ],
            [
                0.48094492151685314,
                0.0032411139451796744,
                0.00027860191117534683,
                0.5112848331829015,
                0.004250529443890316
            ],
            [
                0.4874521643128794,
                0.00018757871090568923,
                0.5112848331829015,
                6.867167668567209e-05,
                0.0010067521166277071
            ],
            [
                0.020910822863405287,
                0.9301794468430238,
                0.004250529443890316,
                0.0010067521166277071,
                0.04365244873305296
            ]
        ]
    ],
    [
        [
            0.9667530829706258,
            -0.46994762870027273,
            -0.5165492751940249,
            -0.8803354719173935
        ],
        [
            [
                0.00028787774211913586,
                0.0005636336078941873,
                0.5167601540153268,
                0.4815512880315775,
                0.0008370466030823143
            ],
            [
                0.0005636336078941873,
                0.05514994513579374,
                0.0003092589265771828,
                0.013982132657227808,
                0.929995029672507
            ],
            [
                0.5167601540153268,
                0.0003092589265771828,
                0.00013356092818872511,
                0.4812183426339553,
                0.0015786834959518603
            ],
            [
                0.4815512880315775,
                0.013982132657227808,
                0.4812183426339553,
                4.159900806821604e-06,
                0.023244076776432587
            ],
            [
                0.0008370466030823143,
                0.929995029672507,
                0.0015786834959518603,
                0.023244076776432587,
                0.044345163452026215
            ]
        ]
    ],
    [
        [
            0.9663654537866099,
            -0.48701330922241126,
            -0.49809896297607953,
            -0.8819005917418651
        ],
        [
            [
                0.0009864679207183258,
                0.4935365998647558,
                0.006698582711909151,
                0.0010045851914553539,
                0.49777376431116155
            ],
            [
                0.4935365998647558,
                3.362314380128684e-05,
                0.007545577516817836,
                0.01109205191501933,
                0.48779214755960576
            ],
            [
                0.006698582711909151,
                0.007545577516817836,
                0.044889220075249536,
                0.9308000880310604,
                0.010066531664963074
            ],
            [
                0.0010045851914553539,
                0.01109205191501933,
                0.9308000880310604,
                0.053089498552340464,
                0.004013776310124506
            ],
            [
                0.49777376431116155,
                0.48779214755960576,
                0.010066531664963074,
                0.004013776310124506,
                0.0003537801541451113
            ]
        ]
    ],
    [
        [
            0.9670188885817251,
            -0.4902603574767843,
            -0.49591325784919554,
            -0.8808496451654202
        ],
        [
            [
                0.03809967214478327,
                0.015035703331764183,
                0.011583779115183268,
                0.004932059272938438,
                0.9303487861353309
            ],
            [
                0.015035703331764183,
                8.911512240272756e-05,
                0.49085850350850624,
                0.49324703971889766,
                0.0007696383184291888
            ],
            [
                0.011583779115183268,
                0.49085850350850624,
                0.0002652861614528268,
                0.495814649247275,
                0.0014777819675827475
            ],
            [
                0.004932059272938438,
                0.49324703971889766,
                0.495814649247275,
                7.200642195903662e-05,
                0.005934245338929889
            ],
            [
                0.9303487861353309,
                0.0007696383184291888,
                0.0014777819675827475,
                0.005934245338929889,
                0.06146954823972739
            ]
        ]
    ],
    [
        [
            0.9666895654504206,
            -0.48352625593139703,
            -0.5017131427123924,
            -0.8815853979567824
        ],
        [
            [
                0.0008973490765620262,
                0.008369616525341905,
                0.5023170437590628,
                0.000155667958743666,
                0.48826032268028957
            ],
            [
                0.008369616525341905,
                0.0345738289781754,
                0.00628956175760409,
                0.9305573882676471,
                0.02020960447123138
            ],
            [
                0.5023170437590628,
                0.00628956175760409,
                0.00029847717988384925,
                0.002462973787947409,
                0.4886319435155019
            ],
            [
                0.000155667958743666,
                0.9305573882676471,
                0.002462973787947409,
                0.0640104771339558,
                0.0028134928517060676
            ],
            [
                0.48826032268028957,
                0.02020960447123138,
                0.4886319435155019,
                0.0028134928517060676,
                8.463648127110535e-05
            ]
        ]
    ],
    [
        [
            0.9666082774004955,
            -0.49147918841142735,
            -0.494478005870697,
            -0.8812098097804415
        ],
        [
            [
                0.04625601936848911,
                0.005350126172113445,
                0.008405344582254448,
                0.009446105221309509,
                0.9305424046558335
            ],
            [
                0.005350126172113445,
                8.819810938431871e-05,
                0.4931632237090413,
                0.4919746568253227,
                0.009423795184138328
            ],
            [
                0.008405344582254448,
                0.4931632237090413,
                0.00010064742302939855,
                0.49451586249049884,
                0.0038149217951760073
            ],
            [
                0.009446105221309509,
                0.4919746568253227,
                0.49451586249049884,
                0.000420452767522006,
                0.0036429226953469396
            ],
            [
                0.9305424046558335,
                0.009423795184138328,
                0.0038149217951760073,
                0.0036429226953469396,
                0.05257595566950535
            ]
        ]
    ],
    [
        [
            0.9664245395334614,
            -0.487437289143095,
            -0.4981904100978837,
            -0.8817015448121476
        ],
        [
            [
                0.000460897220142531,
                0.0049161050907421955,
                0.006186626855983091,
                0.4899900320274432,
                0.498446338805689
            ],
            [
                0.0049161050907421955,
                0.04607284906673237,
                0.9306714150443476,
                0.015272684675486148,
                0.003066946122691594
            ],
            [
                0.006186626855983091,
                0.9306714150443476,
                0.0522537631997988,
                0.003535705408965195,
                0.007352489490905223
            ],
            [
                0.4899900320274432,
                0.015272684675486148,
                0.003535705408965195,
                0.00018756915052620116,
                0.4910140087375792
            ],
            [
                0.498446338805689,
                0.003066946122691594,
                0.007352489490905223,
                0.4910140087375792,
                0.0001202168431351236
            ]
        ]
    ],
    [
        [
            0.966737902275927,
            -0.4759207187319383,
            -0.5104471295222165,
            -0.8806173634438105
        ],
        [
            [
                9.317770192307506e-06,
                0.005463799714174156,
                0.0021704796791498504,
                0.4820941215027591,
                0.5102622813337245
            ],
            [
                0.005463799714174156,
                0.04511418964718161,
                0.930216007588605,
                0.018679108863937366,
                0.0005268941861019116
            ],
            [
                0.0021704796791498504,
                0.930216007588605,
                0.05421095212871685,
                0.011633201236766921,
                0.0017693593667613694
            ],
            [
                0.4820941215027591,
                0.018679108863937366,
                0.011633201236766921,
                0.0002851671574978232,
                0.48730840123903874
            ],
            [
                0.5102622813337245,
                0.0005268941861019116,
                0.0017693593667613694,
                0.48730840123903874,
                0.00013306387437350686
            ]
        ]
    ],
    [
        [
            0.869806400826782,
            -0.32416484699936177,
            -0.5919794539739843,
            -0.8538370010344563
        ],
        [
            [
                0.06146622086761733,
                0.051388383116770076,
                0.002632730970151098,
                0.8826933807419924,
                0.0018192843034689488
            ],
            [
                0.051388383116770076,
                0.03532315623281834,
                0.40118400432347323,
                0.1086422629059619,
                0.40346219342097644
            ],
            [
                0.002632730970151098,
                0.40118400432347323,
                0.00010560975930751226,
                0.003883973998727641,
                0.5921936809483406
            ],
            [
                0.8826933807419924,
                0.1086422629059619,
                0.003883973998727641,
                0.0025928264926704525,
                0.0021875558606475054
            ],
            [
                0.0018192843034689488,
                0.40346219342097644,
                0.5921936809483406,
                0.0021875558606475054,
                0.00033728546656663916
            ]
        ]
    ],
    [
        [
            0.880861972974941,
            -0.36980682812128673,
            -0.5776881015218194,
            -0.8334428967067335
        ],
        [
            [
                0.008112257426413416,
                0.41893981634241645,
                0.4203728098205218,
                0.05458574456104559,
                0.09798937184960282
            ],
            [
                0.41893981634241645,
                0.0010486138631635722,
                0.5782327522673628,
