[
    [
        [
            -0.35107963039523576,
            -0.5489226270887075
        ],
        [
            [
                0.0002504151913587105,
                0.4504683284333328,
                0.5492812563753086
            ],
            [
                0.4504683284333328,
                0.09928012763333705,
                0.45025154393333017
            ],
            [
                0.5492812563753086,
                0.45025154393333017,
                0.00046719969136121975
            ]
        ]
    ],
    [
        [
            -0.35017106577319534,
            -0.549837490147933
        ],
        [
            [
                0.09988594985295474,
                0.4500319497009906,
                0.4500821004460546
            ],
            [
                0.4500319497009906,
                7.782248549026427e-05,
                0.5498902278135192
            ],
            [
                0.4500821004460546,
                0.5498902278135192,
                2.767174042617171e-05
            ]
        ]
    ],
    [
        [
            -0.3520954928599325,
            -0.5481046133900379
        ],
        [
            [
                0.0009929283286944646,
                0.5487014763656396,
                0.450305595305666
            ],
            [
                0.5487014763656396,
                0.00020554218068080665,
                0.4510929814536796
            ],
            [
                0.450305595305666,
                0.4510929814536796,
                0.09860142324065446
            ]
        ]
    ],
    [
        [
            -0.35149622794364555,
            -0.5485735637595545
        ],
        [
            [
                0.0006745781093651093,
                0.5490369608529632,
                0.4502884610376717
            ],
            [
                0.5490369608529632,
                0.00025356518607178025,
                0.4507094739609651
            ],
            [
                0.4502884610376717,
                0.4507094739609651,
                0.09900206500136322
            ]
        ]
    ],
    [
        [
            -0.35149622794364555,
            -0.5485735637595545
        ],
        [
            [
                0.0006745781093651093,
                0.5490369608529632,
                0.4502884610376717
            ],
            [
                0.5490369608529632,
                0.00025356518607178025,
                0.4507094739609651
            ],
            [
                0.4502884610376717,
                0.4507094739609651,
                0.09900206500136322
            ]
        ]
    ],
    [
        [
            -0.351217249903761,
            -0.549008559188214
        ],
        [
            [
                0.0004132164616912348,
                0.450285525260117,
                0.5493012582781918
            ],
            [
                0.450285525260117,
                0.09918835373220425,
                0.4505261210076788
            ],
            [
                0.5493012582781918,
                0.4505261210076788,
                0.00017262071412948998
            ]
        ]
    ],
    [
        [
            -0.351854442247965,
            -0.5482978253216935
        ],
        [
            [
                0.0003486729652935061,
                0.548839457626857,
                0.45081186940784945
            ],
            [
                0.548839457626857,
                0.0007357356230202061,
                0.4504248067501228
            ],
            [
                0.45081186940784945,
                0.4504248067501228,
                0.0987633238420278
            ]
        ]
    ],
    [
        [
            -0.351854442247965,
            -0.5482978253216935
        ],
        [
            [
                0.0003486729652935061,
                0.548839457626857,
                0.45081186940784945
            ],
            [
                0.548839457626857,
                0.0007357356230202061,
                0.4504248067501228
            ],
            [
                0.45081186940784945,
                0.4504248067501228,
                0.0987633238420278
            ]
        ]
    ],
    [
        [
            -0.351854442247965,
            -0.5482978253216935
        ],
        [
            [
                0.0003486729652935061,
                0.548839457626857,
                0.45081186940784945
            ],
            [
                0.548839457626857,
                0.0007357356230202061,
                0.4504248067501228
            ],
            [
                0.45081186940784945,
                0.4504248067501228,
                0.0987633238420278
            ]
        ]
    ],
    [
        [
            -0.351854442247965,
            -0.5482978253216935
        ],
        [
            [
                0.0003486729652935061,
                0.548839457626857,
                0.45081186940784945
            ],
            [
                0.548839457626857,
                0.0007357356230202061,
                0.4504248067501228
            ],
            [
                0.45081186940784945,
                0.4504248067501228,
                0.0987633238420278
            ]
        ]
    ],
    [
        [
            0.1499394987662369,
            -0.7166154584404673
        ],
        [
            [
                0.43329299917354125,
                0.28335219220243724,
                0.28335480862402146
            ],
            [
                0.28335219220243724,
                1.682878690623113e-05,
                0.7166309790106565
            ],
            [
                0.28335480862402146,
                0.7166309790106565,
                1.4212365321952802e-05
            ]
        ]
    ],
    [
        [
            0.14984815771788612,
            -0.7165219192239617
        ],
        [
            [
                0.43323210511131793,
                0.28338778177977925,
                0.2833801131089029
            ],
            [
                0.28338778177977925,
                4.323235586523033e-05,
                0.7165689858643556
            ],
            [
                0.2833801131089029,
                0.7165689858643556,
                5.090102674154551e-05
            ]
        ]
    ],
    [
        [
            0.14996376448433746,
            -0.7166389884796687
        ],
        [
            [
                0.43330917619165976,
                0.28335295265457355,
                0.2833378711537667
            ],
            [
                0.28335295265457355,
                2.5915610102345e-07,
                0.7166467881893255
            ],
            [
                0.2833378711537667,
                0.7166467881893255,
                1.534065690789177e-05
            ]
        ]
    ],
    [
        [
            0.14976764837203216,
            -0.7164494001285592
        ],
        [
            [
                0.4331784306844183,
                0.2834368079134514,
                0.2833847614021303
            ],
            [
                0.2834368079134514,
                4.3885523866804554e-05,
                0.7165193065626818
            ],
            [
                0.2833847614021303,
                0.7165193065626818,
                9.593203518787341e-05
            ]
        ]
    ],
    [
        [
            0.1497848497801337,
            -0.716544083110423
        ],
        [
            [
                0.43318989837537036,
                0.28343035376836334,
                0.2833797478562663
            ],
            [
                0.28343035376836334,
                1.311911216328454e-07,
                0.716569515040515
            ],
            [
                0.2833797478562663,
                0.716569515040515,
                5.073710321867875e-05
            ]
        ]
    ],
    [
        [
            0.14485882267667965,
            -0.7115688833472908
        ],
        [
            [
                0.42990318857865706,
                0.28397450506774324,
                0.28612230635359964
            ],
            [
                0.28397450506774324,
                0.0027672760182941847,
                0.7132582189139626
            ],
            [
                0.28612230635359964,
                0.7132582189139626,
                0.0006194747324377303
            ]
        ]
    ],
    [
        [
            0.11967674251612394,
            -0.6864906234624314
        ],
        [
            [
                0.41294858434626225,
                0.28526749910359267,
                0.3017839165501451
            ],
            [
                0.28526749910359267,
                0.018376976076991403,
                0.6963555248194159
            ],
            [
                0.3017839165501451,
                0.6963555248194159,
                0.001860558630438991
            ]
        ]
    ],
    [
        [
            0.09318798029704474,
            -0.6598701839884727
        ],
        [
            [
                0.3952894748010095,
                0.29437533490708945,
                0.31033519029190104
            ],
            [
                0.29437533490708945,
                0.026994088446187003,
                0.6786305766467235
            ],
            [
                0.31033519029190104,
                0.6786305766467235,
                0.01103423306137541
            ]
        ]
    ],
    [
        [
            0.06446978116794407,
            -0.6311464674132484
        ],
        [
            [
                0.3762845870618511,
                0.30870384657467004,
                0.3150115663634789
            ],
            [
                0.30870384657467004,
                0.031673223240826776,
                0.6596229301845032
            ],
            [
                0.3150115663634789,
                0.6596229301845032,
                0.025365503452017935
            ]
        ]
    ],
    [
        [
            0.03316689305996579,
            -0.5998336636197366
        ],
        [
            [
                0.35479917491562474,
                0.33688198559379506,
                0.3083188394905802
            ],
            [
                0.33688198559379506,
                0.02498545421069487,
                0.6381325601955101
            ],
            [
                0.3083188394905802,
                0.6381325601955101,
                0.05354860031390962
            ]
        ]
    ],
    [
        [
            0.6496008586009934,
            -0.8830549685247695
        ],
        [
            [
                0.766400572323028,
                0.11680742701949642,
                0.11679200065747553
            ],
            [
                0.11680742701949642,
                6.494569558734842e-05,
                0.8831276272849162
            ],
            [
                0.11679200065747553,
                0.8831276272849162,
                8.037205760824673e-05
            ]
        ]
    ],
    [
        [
            0.6496165132054808,
            -0.8829895155885472
        ],
        [
            [
                0.00020585653348270672,
                0.8830974974991207,
                0.1166966459673966
            ],
            [
                0.8830974974991207,
                1.0144775863696331e-05,
                0.1168923577250156
            ],
            [
                0.1166966459673966,
                0.1168923577250156,
                0.7664109963075878
            ]
        ]
    ],
    [
        [
            0.6288378468617417,
            -0.8625311504645761
        ],
        [
            [
                0.7525562503100496,
                0.12503553656160293,
                0.12240821312834749
            ],
            [
                0.12503553656160293,
                0.005561561326930531,
                0.8694029021114665
            ],
            [
                0.12240821312834749,
                0.8694029021114665,
                0.008188884760185977
            ]
        ]
    ],
    [
        [
            0.5840460036384858,
            -0.8174902734874826
        ],
        [
            [
                0.00576635580239393,
                0.15519597484585174,
                0.8390376693517544
            ],
            [
                0.15519597484585174,
                0.7223155344272558,
                0.12248849072689239
            ],
            [
                0.8390376693517544,
                0.12248849072689239,
                0.038473839921353226
            ]
        ]
    ],
    [
        [
            0.5358116503962044,
            -0.7692982240551557
        ],
        [
            [
                0.6894879360353257,
                0.129056496661078,
                0.18145556730359635
            ],
            [
                0.129056496661078,
                0.06471228047412036,
                0.8062312228648016
            ],
            [
                0.18145556730359635,
                0.8062312228648016,
                0.012313209831602001
            ]
        ]
    ],
    [
        [
            0.48370080235034674,
            -0.7172515650103848
        ],
        [
            [
                0.10561878479666587,
                0.12571577340386075,
                0.7686654417994734
            ],
            [
                0.12571577340386075,
                0.6518900604694544,
                0.22239416612668483
            ],
            [
                0.7686654417994734,
                0.22239416612668483,
                0.008940392073841785
            ]
        ]
    ],
    [
        [
            0.4270753567680555,
            -0.6604338091174686
        ],
        [
            [
                0.07454272730889411,
                0.7347293518057371,
                0.19072792088536888
            ],
            [
                0.7347293518057371,
                0.07404869471066244,
                0.19122195348360044
            ],
            [
                0.19072792088536888,
                0.19122195348360044,
                0.6180501256310307
            ]
        ]
    ],
    [
        [
            0.36316752679702147,
            -0.5965815209921823
        ],
        [
            [
                0.08228831574942586,
                0.6917736130275826,
                0.2259380712229916
            ],
            [
                0.6917736130275826,
                0.10923107412541122,
                0.19899531284700622
            ],
            [
                0.2259380712229916,
                0.19899531284700622,
                0.5750666159300022
            ]
        ]
    ],
    [
        [
            0.28969213814760575,
            -0.5230864843145822
        ],
        [
            [
                0.5138840392494219,
                0.3137168250115705,
                0.17239913573900756
            ],
            [
                0.3137168250115705,
                0.05570196265551919,
                0.6305812123329103
            ],
            [
                0.17239913573900756,
                0.6305812123329103,
                0.19701965192808213
            ]
        ]
    ],
    [
        [
            0.1995347068552042,
            -0.43291748898077365
        ],
        [
            [
                0.27183579700730176,
                0.5461090067849538,
                0.18205519620774452
            ],
            [
                0.5461090067849538,
                0.06536380514495965,
                0.3885271880700865
            ],
            [
                0.18205519620774452,
                0.3885271880700865,
                0.42941761572216897
            ]
        ]
    ],
    [
        [
            0.9997178392743495,
            -0.9995928154662159
        ],
        [
            [
                0.9998118916650769,
                5.964368757938043e-05,
                0.00012846464734367347
            ],
            [
                5.964368757938043e-05,
                0.0001909765514104267,
                0.9997493797610102
            ],
            [
                0.00012846464734367347,
                0.9997493797610102,
                0.00012215559164618917
            ]
        ]
    ],
    [
        [
            0.9999726019711198,
            -0.9882794893672016
        ],
        [
            [
                0.9999817346452679,
                1.0592977116363755e-05,
                7.672377615786097e-06
            ],
            [
                1.0592977116363755e-05,
                0.005854228679574747,
                0.9941351783433089
            ],
            [
                7.672377615786097e-06,
                0.9941351783433089,
                0.005857149279075324
            ]
        ]
    ],
    [
        [
            0.9997331234898686,
            -0.9271043252072717
        ],
        [
            [
                0.9998220796177476,
                3.787458507487074e-05,
                0.00014004579717752375
            ],
            [
                3.787458507487074e-05,
                0.03645444493847616,
                0.963507680476449
            ],
            [
                0.00014004579717752375,
                0.963507680476449,
                0.03635227372637351
            ]
        ]
    ],
    [
        [
            0.9624879922883697,
            -0.8629000668590716
        ],
        [
            [
                0.9748884563156924,
                0.022276418428458955,
                0.002835125255848614
            ],
            [
                0.022276418428458955,
                0.0526290879704977,
                0.9250944936010433
            ],
            [
                0.002835125255848614,
                0.9250944936010433,
                0.07207038114310804
            ]
        ]
    ],
    [
        [
            0.8934935883958873,
            -0.7937365082565406
        ],
        [
            [
                0.07233167515253358,
                0.8789121223565459,
                0.0487562024909205
            ],
            [
                0.8789121223565459,
                0.09863474256059346,
                0.02245313508286062
            ],
            [
                0.0487562024909205,
                0.02245313508286062,
                0.9287906624262189
            ]
        ]
    ],
    [
        [
            0.8176730973504163,
            -0.717824786493911
        ],
        [
            [
                0.05901033909435316,
                0.11621598618226514,
                0.8247736747233817
            ],
            [
                0.11621598618226514,
                0.8746978301516342,
                0.009086183666100645
            ],
            [
                0.8247736747233817,
                0.009086183666100645,
                0.1661401416105177
            ]
        ]
    ],
    [
        [
            0.7328604337469558,
            -0.633122606141306
        ],
        [
            [
                0.8215328832492969,
                0.1052142796867298,
                0.07325283706397334
            ],
            [
                0.1052142796867298,
                0.12312175086679822,
                0.771663969446472
            ],
            [
                0.07325283706397334,
                0.771663969446472,
                0.15508319348955468
            ]
        ]
    ],
    [
        [
            0.6371994349157492,
            -0.5372428756235719
        ],
        [
            [
                0.16533015379455807,
                0.7081011082873859,
                0.126568737918056
            ],
            [
                0.7081011082873859,
                0.1765470175641447,
                0.11535187414846937
            ],
            [
                0.126568737918056,
                0.11535187414846937,
                0.7580793879334746
            ]
        ]
    ],
    [
        [
            0.5216867547828878,
            -0.42169100007980864
        ],
        [
            [
                0.6671884540621922,
                0.2465794548683874,
                0.08623209106942042
            ],
            [
                0.2465794548683874,
                0.13622996842096013,
                0.6171905767106525
            ],
            [
                0.08623209106942042,
                0.6171905767106525,
                0.2965773322199271
            ]
        ]
    ],
    [
        [
            0.3662944532261777,
            -0.26635537938766707
        ],
        [
            [
                0.4929058030198721,
                0.39982673465354746,
                0.10726746232658052
            ],
            [
                0.39982673465354746,
                0.15723699924583578,
                0.4429362661006168
            ],
            [
                0.10726746232658052,
                0.4429362661006168,
                0.44979627157280266
            ]
        ]
    ],
    [
        [
            0.9998333141848487,
            -0.7657666238546731
        ],
        [
            [
                0.11711552494410515,
                0.8828555301555981,
                2.894490029670127e-05
            ],
            [
                0.8828555301555981,
                0.11706229006538438,
                8.21797790174772e-05
            ],
            [
                2.894490029670127e-05,
                8.21797790174772e-05,
                0.9998888753206858
            ]
        ]
    ],
    [
        [
            0.9997474324676653,
            -0.7600781264283524
        ],
        [
            [
                0.9998316206698082,
                0.00011348438359426449,
                5.489494659749461e-05
            ],
            [
                0.00011348438359426449,
                0.11988954796625384,
                0.8799969676501519
            ],
            [
                5.489494659749461e-05,
                0.8799969676501519,
                0.11994813740325061
            ]
        ]
    ],
    [
        [
            0.9995056547254455,
            -0.7034277535335867
        ],
        [
            [
                0.9996704347173762,
                0.00012600240719301548,
                0.0002035628754307739
            ],
            [
                0.00012600240719301548,
                0.14824251347136008,
                0.8516314841214468
            ],
            [
                0.0002035628754307739,
                0.8516314841214468,
                0.14816495300312238
            ]
        ]
    ],
    [
        [
            0.9998412066808889,
            -0.6469710618283945
        ],
        [
            [
                0.9998941377862077,
                5.200066096433531e-05,
                5.3861552827938475e-05
            ],
            [
                5.200066096433531e-05,
                0.17648893397907506,
                0.8234590653599606
            ],
            [
                5.3861552827938475e-05,
                0.8234590653599606,
                0.17648707308721145
            ]
        ]
    ],
    [
        [
            0.9995103572002149,
            -0.5911381964576958
        ],
        [
            [
                0.20450809898335187,
                0.7954874593930265,
                4.441623621731505e-06
            ],
            [
                0.7954874593930265,
                0.2041905219948814,
                0.0003220186120920787
            ],
            [
                4.441623621731505e-06,
                0.0003220186120920787,
                0.9996735397642862
            ]
        ]
    ],
    [
        [
            0.9584976969752098,
            -0.5251836461682674
        ],
        [
            [
                0.9722667129853106,
                0.006918296818865799,
                0.020814990195823557
            ],
            [
                0.006918296818865799,
                0.23747201559929465,
                0.7556096875818396
            ],
            [
                0.020814990195823557,
                0.7556096875818396,
                0.2235753222223369
            ]
        ]
    ],
    [
        [
            0.8783031807167421,
            -0.44506618717082924
        ],
        [
            [
                0.26190437847276504,
                0.03587876745643537,
                0.7022168540707996
            ],
            [
                0.03587876745643537,
                0.9188353508437558,
                0.04528588169980885
            ],
            [
                0.7022168540707996,
                0.04528588169980885,
                0.25249726422939156
            ]
        ]
    ],
    [
        [
            0.786823646077506,
            -0.3536853870008818
        ],
        [
            [
                0.8515838570842773,
                0.13389086663544764,
                0.014525276280275112
            ],
            [
                0.13389086663544764,
                0.2310944058185873,
                0.6350147275459651
            ],
            [
                0.014525276280275112,
                0.6350147275459651,
                0.3504599961737598
            ]
        ]
    ],
    [
        [
            0.6776823395258827,
            -0.2444443388330796
        ],
        [
            [
                0.3118597767218394,
                0.11996941652816434,
                0.5681708067499962
            ],
            [
                0.11996941652816434,
                0.7847898070963977,
                0.09524077637543793
            ],
            [
                0.5681708067499962,
                0.09524077637543793,
                0.33658841687456587
            ]
        ]
    ],
    [
        [
            0.5332964357767173,
            -0.09998746216695709
        ],
        [
            [
                0.266764632265601,
                0.37194378251928245,
                0.3612915852151166
            ],
            [
                0.37194378251928245,
                0.5779460720199965,
                0.05011014546072101
            ],
            [
                0.3612915852151166,
                0.05011014546072101,
                0.5885982693241624
            ]
        ]
    ],
    [
        [
            0.9997225771019013,
            -0.4329111455930692
        ],
        [
            [
                0.9998150491515102,
                5.23314445989298e-05,
                0.00013261940389086568
            ],
            [
                5.23314445989298e-05,
                0.28353833515830695,
                0.7164093333970941
            ],
            [
                0.00013261940389086568,
                0.7164093333970941,
                0.283458047199015
            ]
        ]
    ],
    [
        [
            0.9996328211022282,
            -0.43278635687190514
        ],
        [
            [
                0.283565127289477,
                0.7163319814219647,
                0.0001028912885581712
            ],
            [
                0.7163319814219647,
                0.28352612340371963,
                0.00014189517431556498
            ],
            [
                0.0001028912885581712,
                0.00014189517431556498,
                0.9997552135371263
            ]
        ]
    ],
    [
        [
            0.9997545993604733,
            -0.3963628255938862
        ],
        [
            [
                0.3018369312316149,
                2.2561105643748025e-05,
                0.6981405076627414
            ],
            [
                2.2561105643748025e-05,
                0.9998363945460349,
                0.00014104434832140633
            ],
            [
                0.6981405076627414,
                0.00014104434832140633,
                0.3017184479889372
            ]
        ]
    ],
    [
        [
            0.9990631305547489,
            -0.3529814158958721
        ],
        [
            [
                0.3234343750368789,
                0.00023107168154418156,
                0.6763345532815769
            ],
            [
                0.00023107168154418156,
                0.9993754106110154,
                0.00039351770744039394
            ],
            [
                0.6763345532815769,
                0.00039351770744039394,
                0.3232719290109827
            ]
        ]
    ],
    [
        [
            0.9990027076992355,
            -0.30957450843484835
        ],
        [
            [
                0.3449610386242026,
                0.00041793371396620094,
                0.6546210276618312
            ],
            [
                0.00041793371396620094,
                0.9993351272940248,
                0.0002469389920089493
            ],
            [
                0.6546210276618312,
                0.0002469389920089493,
                0.34513203334615983
            ]
        ]
    ],
    [
        [
            0.9996472638046677,
            -0.2664869253176405
        ],
        [
            [
                0.36681138734836893,
                3.959753994031701e-06,
                0.633184652897637
            ],
            [
                3.959753994031701e-06,
                0.9997648221411506,
                0.00023121810485543515
            ],
            [
                0.633184652897637,
                0.00023121810485543515,
                0.3665841289975076
            ]
        ]
    ],
    [
        [
            0.9836232077524868,
            -0.2169655916365807
        ],
        [
            [
                0.38540823704545224,
                0.008857566558776009,
                0.6057341963957718
            ],
            [
                0.008857566558776009,
                0.989063004453725,
                0.002079428987499077
            ],
            [
                0.6057341963957718,
                0.002079428987499077,
                0.3921863746167291
            ]
        ]
    ],
    [
        [
            0.9064896380973236,
            -0.13983981008377844
        ],
        [
            [
                0.40216068497498414,
                0.04380246546737221,
                0.5540368495576437
            ],
            [
                0.04380246546737221,
                0.9373617635644163,
                0.01883577096821154
            ],
            [
                0.5540368495576437,
                0.01883577096821154,
                0.4271273794741448
            ]
        ]
    ],
    [
        [
            0.8158037013346973,
            -0.04917125620828609
        ],
        [
            [
                0.872286502657053,
                0.10976936384319447,
                0.01794413349975249
            ],
            [
                0.10976936384319447,
                0.40126035606295807,
                0.48897028009384746
            ],
            [
                0.01794413349975249,
                0.48897028009384746,
                0.4930855864064001
            ]
        ]
    ],
    [
        [
            0.7003101991768516,
            0.0663411035725684
        ],
        [
            [
                0.4018459877565659,
                0.21389649463814941,
                0.38425751760528476
            ],
            [
                0.21389649463814941,
                0.7675831689799949,
                0.018520336381855684
            ],
            [
                0.38425751760528476,
                0.018520336381855684,
                0.5972221460128595
            ]
        ]
    ],
    [
        [
            0.9999259169140071,
            -0.09982811413126355
        ],
        [
            [
                0.9999506110293888,
                3.633958490395495e-05,
                1.3049385707231131e-05
            ],
            [
                3.633958490395495e-05,
                0.4500619507770789,
                0.5499017096380171
            ],
            [
                1.3049385707231131e-05,
                0.5499017096380171,
                0.45008524097627567
            ]
        ]
    ],
    [
        [
            0.9999515048786051,
            -0.0999147628446092
        ],
        [
            [
                0.450018592753229,
                3.2108806930331024e-05,
                0.5499492984398408
            ],
            [
                3.2108806930331024e-05,
                0.9999676694568387,
                2.2173623104304596e-07
            ],
            [
                0.5499492984398408,
                2.2173623104304596e-07,
                0.4500504798239282
            ]
        ]
    ],
    [
        [
            0.9999651931889171,
            -0.08302424914998666
        ],
        [
            [
                0.9999767953692029,
                1.8586232682471504e-05,
                4.618398114553113e-06
            ],
            [
                1.8586232682471504e-05,
                0.4584750904175796,
                0.5415063233497379
            ],
            [
                4.618398114553113e-06,
                0.5415063233497379,
                0.4584890582521475
            ]
        ]
    ],
    [
        [
            0.999712367190663,
            -0.04945087171614037
        ],
        [
            [
                0.9998082274103288,
                0.0001913799396182081,
                3.926500529716215e-07
            ],
            [
                0.0001913799396182081,
                0.4751311403873142,
                0.5246774796730677
            ],
            [
                3.926500529716215e-07,
                0.5246774796730677,
                0.4753221276768793
            ]
        ]
    ],
    [
        [
            0.9999795860959988,
            -0.016185330563943057
        ],
        [
            [
                0.9999863907122457,
                9.863837332035885e-06,
                3.7454504222544927e-06
            ],
            [
                9.863837332035885e-06,
                0.4919008732164497,
                0.5080892629462183
            ],
            [
                3.7454504222544927e-06,
                0.5080892629462183,
                0.4919069916033595
            ]
        ]
    ],
    [
        [
            0.9999920370320501,
            0.01724621415690008
        ],
        [
            [
                0.5086197827752932,
                0.49137556575210783,
                4.651472599037643e-06
            ],
            [
                0.49137556575210783,
                0.508623777067074,
                6.57180818208758e-07
            ],
            [
                4.651472599037643e-06,
                6.57180818208758e-07,
                0.9999946913465827
            ]
        ]
    ],
    [
        [
            0.9999658971689821,
            0.050735355593666556
        ],
        [
            [
                0.5253676264789674,
                5.735189878230962e-06,
                0.47462663833115437
            ],
            [
                5.735189878230962e-06,
                0.9999772647124789,
                1.7000097642827505e-05
            ],
            [
                0.47462663833115437,
                1.7000097642827505e-05,
                0.5253563615712028
            ]
        ]
    ],
    [
        [
            0.9998657891002953,
            0.08420169295282648
        ],
        [
            [
                0.5421058024829125,
                0.45787678340961036,
                1.741410747713168e-05
            ],
            [
                0.45787678340961036,
                0.5420511551340379,
                7.206145635169081e-05
            ],
            [
                1.741410747713168e-05,
                7.206145635169081e-05,
                0.9999105244361712
            ]
        ]
    ],
    [
        [
            0.9588844415806739,
            0.14102717841403978
        ],
        [
            [
                0.5665970741766266,
                0.01079003971249487,
                0.42261288611087855
            ],
            [
                0.01079003971249487,
                0.9725686961082354,
                0.01664126417926981
            ],
            [
                0.42261288611087855,
                0.01664126417926981,
                0.5607458497098516
            ]
        ]
    ],
    [
        [
            0.866916442622728,
            0.23303560937350487
        ],
        [
            [
                0.5811607965144507,
                0.36072896764352863,
                0.058110235842020685
            ],
            [
                0.36072896764352863,
                0.608086261840137,
                0.031184770516334337
            ],
            [
                0.058110235842020685,
                0.031184770516334337,
                0.9107049936416449
            ]
        ]
    ],
    [
        [
            0.9998709239770237,
            0.23368422719355575
        ],
        [
            [
                0.9999139466474202,
                7.501241549273674e-05,
                1.1040937087092306e-05
            ],
            [
                7.501241549273674e-05,
                0.616788616522377,
                0.3831363710621302
            ],
            [
                1.1040937087092306e-05,
                0.3831363710621302,
                0.6168525880007827
            ]
        ]
    ],
    [
        [
            0.9990228189954334,
            0.23433995154924103
        ],
        [
            [
                0.9993483159995957,
                2.9299455688913678e-05,
                0.0006223845447153598
            ],
            [
                2.9299455688913678e-05,
                0.6173037698170527,
                0.38266693072725844
            ],
            [
                0.0006223845447153598,
                0.38266693072725844,
                0.6167106847280261
            ]
        ]
    ],
    [
        [
            0.9989718356954975,
            0.23760733822303276
        ],
        [
            [
                0.6185026184746696,
                0.00047245555177816145,
                0.3810249259735522
            ],
            [
                0.00047245555177816145,
                0.9993145129328176,
                0.00021303151540430498
            ],
            [
                0.3810249259735522,
                0.00021303151540430498,
                0.6187620425110435
            ]
        ]
    ],
    [
        [
            0.9996168685748519,
            0.2638351925682742
        ],
        [
            [
                0.631764379616987,
                0.36801852676699104,
                0.00021709361602201271
            ],
            [
                0.36801852676699104,
                0.6319431241875849,
                3.834904542404649e-05
            ],
            [
                0.00021709361602201271,
                3.834904542404649e-05,
                0.9997445573385539
            ]
        ]
    ],
    [
        [
            0.9996405082455588,
            0.29041793781354
        ],
        [
            [
                0.645055343186508,
                0.3547310910301332,
                0.0002135657833587934
            ],
            [
                0.3547310910301332,
                0.6452427888129082,
                2.6120156958575613e-05
            ],
            [
                0.0002135657833587934,
