[
    [
        [
            -0.35193394580785586,
            -0.5484499472628448
        ],
        [
            [
                7.149858267530007e-05,
                0.45102733679354745,
                0.5489011646237772
            ],
            [
                0.45102733679354745,
                0.0987092180884267,
                0.45026344511802585
            ],
            [
                0.5489011646237772,
                0.45026344511802585,
                0.0008353902581968997
            ]
        ]
    ],
    [
        [
            -0.35193394580785586,
            -0.5484499472628448
        ],
        [
            [
                7.149858267530007e-05,
                0.45102733679354745,
                0.5489011646237772
            ],
            [
                0.45102733679354745,
                0.0987092180884267,
                0.45026344511802585
            ],
            [
                0.5489011646237772,
                0.45026344511802585,
                0.0008353902581968997
            ]
        ]
    ],
    [
        [
            -0.35193394580785586,
            -0.5484499472628448
        ],
        [
            [
                7.149858267530007e-05,
                0.45102733679354745,
                0.5489011646237772
            ],
            [
                0.45102733679354745,
                0.0987092180884267,
                0.45026344511802585
            ],
            [
                0.5489011646237772,
                0.45026344511802585,
                0.0008353902581968997
            ]
        ]
    ],
    [
        [
            -0.35193394580785586,
            -0.5484499472628448
        ],
        [
            [
                7.149858267530007e-05,
                0.45102733679354745,
                0.5489011646237772
            ],
            [
                0.45102733679354745,
                0.0987092180884267,
                0.45026344511802585
            ],
            [
                0.5489011646237772,
                0.45026344511802585,
                0.0008353902581968997
            ]
        ]
    ],
    [
        [
            -0.35247373825448247,
            -0.5487650475603033
        ],
        [
            [
                6.53358243187796e-05,
                0.4509646296668148,
                0.5489700345088664
            ],
            [
                0.4509646296668148,
                0.09835064160147355,
                0.45068472873171167
            ],
            [
                0.5489700345088664,
                0.45068472873171167,
                0.00034523675942188525
            ]
        ]
    ],
    [
        [
            -0.35247373825448247,
            -0.5487650475603033
        ],
        [
            [
                6.53358243187796e-05,
                0.4509646296668148,
                0.5489700345088664
            ],
            [
                0.4509646296668148,
                0.09835064160147355,
                0.45068472873171167
            ],
            [
                0.5489700345088664,
                0.45068472873171167,
                0.00034523675942188525
            ]
        ]
    ],
    [
        [
            -0.35247373825448247,
            -0.5487650475603033
        ],
        [
            [
                6.53358243187796e-05,
                0.4509646296668148,
                0.5489700345088664
            ],
            [
                0.4509646296668148,
                0.09835064160147355,
                0.45068472873171167
            ],
            [
                0.5489700345088664,
                0.45068472873171167,
                0.00034523675942188525
            ]
        ]
    ],
    [
        [
            -0.35213004861373975,
            -0.547911259537539
        ],
        [
            [
                0.0009543625186265725,
                0.4504457312678502,
                0.5485999062135232
            ],
            [
                0.4504457312678502,
                0.09857925213788366,
                0.4509750165942661
            ],
            [
                0.5485999062135232,
                0.4509750165942661,
                0.00042507719221074325
            ]
        ]
    ],
    [
        [
            -0.353143569021429,
            -0.5470357448785625
        ],
        [
            [
                0.001140753512707926,
                0.5479936011557803,
                0.45086564533151174
            ],
            [
                0.5479936011557803,
                0.0007759883815161572,
                0.45123041046270357
            ],
            [
                0.45086564533151174,
                0.45123041046270357,
                0.09790394420578474
            ]
        ]
    ],
    [
        [
            -0.353143569021429,
            -0.5470357448785625
        ],
        [
            [
                0.001140753512707926,
                0.5479936011557803,
                0.45086564533151174
            ],
            [
                0.5479936011557803,
                0.0007759883815161572,
                0.45123041046270357
            ],
            [
                0.45086564533151174,
                0.45123041046270357,
                0.09790394420578474
            ]
        ]
    ],
    [
        [
            0.14986069942295654,
            -0.7165328628535185
        ],
        [
            [
                4.3635263734520535e-05,
                0.7165765479972462,
                0.2833798167390192
            ],
            [
                0.7165765479972462,
                4.37350237382228e-05,
                0.28337971697901554
            ],
            [
                0.2833798167390192,
                0.28337971697901554,
                0.43324046628196533
            ]
        ]
    ],
    [
        [
            0.14973818646678386,
            -0.7165316026053096
        ],
        [
            [
                6.402374230551899e-06,
                0.28343809928525443,
                0.716555498340515
            ],
            [
                0.28343809928525443,
                0.43315879027125215,
                0.2834031104434935
            ],
            [
                0.716555498340515,
                0.2834031104434935,
                4.1391215991559704e-05
            ]
        ]
    ],
    [
        [
            0.14973213008089276,
            -0.7164143517222358
        ],
        [
            [
                7.612296721337675e-05,
                0.7164958641408609,
                0.28342801289192576
            ],
            [
                0.7164958641408609,
                8.690207125439109e-05,
                0.2834172337878848
            ],
            [
                0.28342801289192576,
                0.2834172337878848,
                0.4331547533201894
            ]
        ]
    ],
    [
        [
            0.1499802604257851,
            -0.7166554355932039
        ],
        [
            [
                0.43332017361181374,
                0.2833383868695907,
                0.28334143951859564
            ],
            [
                0.2833383868695907,
                3.8519348861676406e-06,
                0.7166577611955232
            ],
            [
                0.28334143951859564,
                0.7166577611955232,
                7.992858812588821e-07
            ]
        ]
    ],
    [
        [
            0.14976204211548053,
            -0.7164635260700145
        ],
        [
            [
                0.00011798023491871312,
                0.2833565903018345,
                0.7165254294632467
            ],
            [
                0.2833565903018345,
                0.43317468748597976,
                0.2834687222121857
            ],
            [
                0.7165254294632467,
                0.2834687222121857,
                5.848324567514496e-06
            ]
        ]
    ],
    [
        [
            0.14436986387058973,
            -0.7110764510646388
        ],
        [
            [
                0.4295787076717026,
                0.28592754261615894,
                0.2844937497121385
            ],
            [
                0.28592754261615894,
                0.0011404561151139303,
                0.7129320012687271
            ],
            [
                0.2844937497121385,
                0.7129320012687271,
                0.002574249019134389
            ]
        ]
    ],
    [
        [
            0.11976341963350531,
            -0.6864448438681114
        ],
        [
            [
                0.015504888904051217,
                0.696444049983976,
                0.28805106111197276
            ],
            [
                0.696444049983976,
                0.004710348994669822,
                0.29884560102135416
            ],
            [
                0.28805106111197276,
                0.29884560102135416,
                0.4131033378666731
            ]
        ]
    ],
    [
        [
            0.09349193749476145,
            -0.6601662313956604
        ],
        [
            [
                0.012516333497856524,
                0.3085929213730704,
                0.6788907451290731
            ],
            [
                0.3085929213730704,
                0.3955535981786238,
                0.2958534804483058
            ],
            [
                0.6788907451290731,
                0.2958534804483058,
                0.02525577442262117
            ]
        ]
    ],
    [
        [
            0.0651519295492543,
            -0.6318537899721208
        ],
        [
            [
                0.007774041851170033,
                0.6588337626708393,
                0.33339219547799065
            ],
            [
                0.6588337626708393,
                0.05004126526655728,
                0.29112497206260346
            ],
            [
                0.33339219547799065,
                0.29112497206260346,
                0.37548283245940595
            ]
        ]
    ],
    [
        [
            0.03444873405663086,
            -0.6011198178066858
        ],
        [
            [
                0.02967932328311429,
                0.6393818047480182,
                0.33093887196886745
            ],
            [
                0.6393818047480182,
                0.04760333009383999,
                0.3130148651581418
            ],
            [
                0.33093887196886745,
                0.3130148651581418,
                0.3560462628729908
            ]
        ]
    ],
    [
        [
            0.6496236338065405,
            -0.8830197056772574
        ],
        [
            [
                0.00012048593198188406,
                0.11676572317107548,
                0.8831137908969426
            ],
            [
                0.11676572317107548,
                0.7664157549615844,
                0.11681852186734004
            ],
            [
                0.8831137908969426,
                0.11681852186734004,
                6.768723571726198e-05
            ]
        ]
    ],
    [
        [
            0.6494423145806235,
            -0.88288205083291
        ],
        [
            [
                6.015177215767942e-06,
                0.883014723564531,
                0.1169792612582532
            ],
            [
                0.883014723564531,
                0.0002593931321102083,
                0.1167258833033587
            ],
            [
                0.1169792612582532,
                0.1167258833033587,
                0.7662948554383882
            ]
        ]
    ],
    [
        [
            0.628155029058369,
            -0.8615915503063187
        ],
        [
            [
                0.01199766756530063,
                0.8687912908475531,
                0.11921104158714618
            ],
            [
                0.8687912908475531,
                0.0024927809631712927,
                0.12871592818927557
            ],
            [
                0.11921104158714618,
                0.12871592818927557,
                0.7520730302235783
            ]
        ]
    ],
    [
        [
            0.5827386708567994,
            -0.8165736171026303
        ],
        [
            [
                0.043459957634758184,
                0.8381139784573822,
                0.11842606390785959
            ],
            [
                0.8381139784573822,
                0.0015085907849439195,
                0.16037743075767386
            ],
            [
                0.11842606390785959,
                0.16037743075767386,
                0.7211965053344666
            ]
        ]
    ],
    [
        [
            0.5349939950222735,
            -0.7686632076829757
        ],
        [
            [
                0.6888525983379241,
                0.18285591524378242,
                0.1282914864182934
            ],
            [
                0.18285591524378242,
                0.011456880087942212,
                0.8056872046682754
            ],
            [
                0.1282914864182934,
                0.8056872046682754,
                0.06602130891343116
            ]
        ]
    ],
    [
        [
            0.4834530008471708,
            -0.716794434222293
        ],
        [
            [
                0.6538936864902789,
                0.14075874678572275,
                0.20534756672399834
            ],
            [
                0.14075874678572275,
                0.08867685003643722,
                0.77056440317784
            ],
            [
                0.20534756672399834,
                0.77056440317784,
                0.024088030098161628
            ]
        ]
    ],
    [
        [
            0.42638524082355905,
            -0.6598092489921794
        ],
        [
            [
                0.13124301717670772,
                0.13987274319184462,
                0.7288842396314477
            ],
            [
                0.13987274319184462,
                0.6121722355471378,
                0.24795502126101754
            ],
            [
                0.7288842396314477,
                0.24795502126101754,
                0.0231607391075348
            ]
        ]
    ],
    [
        [
            0.3627463928876922,
            -0.5961723890640513
        ],
        [
            [
                0.14537532145766474,
                0.687172770336743,
                0.1674519082055923
            ],
            [
                0.687172770336743,
                0.05073891011741272,
                0.2620883195458444
            ],
            [
                0.1674519082055923,
                0.2620883195458444,
                0.5704597722485634
            ]
        ]
    ],
    [
        [
            0.2895561077537226,
            -0.5229689302823192
        ],
        [
            [
                0.14446258166915282,
                0.2138421104527699,
                0.6416953078780773
            ],
            [
                0.2138421104527699,
                0.5249888966137788,
                0.26116899293345136
            ],
            [
                0.6416953078780773,
                0.26116899293345136,
                0.09713569918847131
            ]
        ]
    ],
    [
        [
            0.19951282451562477,
            -0.4328487981399291
        ],
        [
            [
                0.4360181555305529,
                0.376320845487427,
                0.18766099898202004
            ],
            [
                0.376320845487427,
                0.07099301216986786,
                0.5526861423427051
            ],
            [
                0.18766099898202004,
                0.5526861423427051,
                0.2596528586752749
            ]
        ]
    ],
    [
        [
            0.9999714940459237,
            -0.9998259554209914
        ],
        [
            [
                0.9999809960148286,
                1.3475114715777448e-05,
                5.528870455628887e-06
            ],
            [
                1.3475114715777448e-05,
                7.829818292193202e-05,
                0.9999082267023623
            ],
            [
                5.528870455628887e-06,
                0.9999082267023623,
                8.624442718208059e-05
            ]
        ]
    ],
    [
        [
            0.9991767590267506,
            -0.9874599791738405
        ],
        [
            [
                0.00596341623576957,
                0.9935927538680447,
                0.00044382989618579893
            ],
            [
                0.9935927538680447,
                0.006302219822640787,
                0.00010502630931447099
            ],
            [
                0.00044382989618579893,
                0.00010502630931447099,
                0.9994511437944997
            ]
        ]
    ],
    [
        [
            0.9991428844812369,
            -0.9264184316870536
        ],
        [
            [
                0.9994285571697779,
                0.00046256974550346053,
                0.00010887308471863033
            ],
            [
                0.00046256974550346053,
                0.036471099481810265,
                0.9630663307726863
            ],
            [
                0.00010887308471863033,
                0.9630663307726863,
                0.03682479614259504
            ]
        ]
    ],
    [
        [
            0.9614069039741578,
            -0.8629765222889428
        ],
        [
            [
                0.06932681139895691,
                0.9249989501881065,
                0.005674238412936572
            ],
            [
                0.9249989501881065,
                0.054889429255543964,
                0.020111620556349574
            ],
            [
                0.005674238412936572,
                0.020111620556349574,
                0.9742141410307139
            ]
        ]
    ],
    [
        [
            0.8935678395419491,
            -0.793579932492614
        ],
        [
            [
                0.052062246725106176,
                0.0702665355815198,
                0.8776712176933741
            ],
            [
                0.0702665355815198,
                0.9276651712180417,
                0.0020682932004385535
            ],
            [
                0.8776712176933741,
                0.0020682932004385535,
                0.12026048910618736
            ]
        ]
    ],
    [
        [
            0.8174053774509247,
            -0.7174568713909404
        ],
        [
            [
                0.8753105866400257,
                0.014755114104096745,
                0.10993429925587755
            ],
            [
                0.014755114104096745,
                0.15990855228586964,
                0.8253363336100336
            ],
            [
                0.10993429925587755,
                0.8253363336100336,
                0.06472936713408894
            ]
        ]
    ],
    [
        [
            0.7330618361718189,
            -0.6332021476992973
        ],
        [
            [
                0.09970599343029096,
                0.13057828474874822,
                0.7697157218209608
            ],
            [
                0.13057828474874822,
                0.8196455660572215,
                0.04977614919403023
            ],
            [
                0.7697157218209608,
                0.04977614919403023,
                0.180508128985009
            ]
        ]
    ],
    [
        [
            0.6368567513110637,
            -0.5369852677437389
        ],
        [
            [
                0.7557907227756454,
                0.15727948377233741,
                0.08692979345201718
            ],
            [
                0.15727948377233741,
                0.13686553523567957,
                0.705854980991983
            ],
            [
                0.08692979345201718,
                0.705854980991983,
                0.2072152255559998
            ]
        ]
    ],
    [
        [
            0.5214467065946626,
            -0.42145215686141535
        ],
        [
            [
                0.5710981516930522,
                0.4211958339677707,
                0.007706014339177003
            ],
            [
                0.4211958339677707,
                0.0577032892058007,
                0.5211008768264286
            ],
            [
                0.007706014339177003,
                0.5211008768264286,
                0.47119310883439436
            ]
        ]
    ],
    [
        [
            0.3662193806406822,
            -0.2662440226547277
        ],
        [
            [
                0.18466739772101026,
                0.4998270573399395,
                0.3155055449390503
            ],
            [
                0.4998270573399395,
                0.36549322393202743,
                0.13467971872803308
            ],
            [
                0.3155055449390503,
                0.13467971872803308,
                0.5498147363329167
            ]
        ]
    ],
    [
        [
            0.9997417983989445,
            -0.7655892030946405
        ],
        [
            [
                0.11722206090656795,
                2.6375183352522757e-05,
                0.8827515639100795
            ],
            [
                2.6375183352522757e-05,
                0.9998278615622316,
                0.0001457632544158982
            ],
            [
                0.8827515639100795,
                0.0001457632544158982,
                0.11710267283550468
            ]
        ]
    ],
    [
        [
            0.9993362831151984,
            -0.7594286219758484
        ],
        [
            [
                0.9995575217047143,
                0.00020315034686302358,
                0.0002393279484225741
            ],
            [
                0.00020315034686302358,
                0.12019315851809764,
                0.8796036911350393
            ],
            [
                0.0002393279484225741,
                0.8796036911350393,
                0.12015698091653815
            ]
        ]
    ],
    [
        [
            0.9992436686199695,
            -0.7036373491711675
        ],
        [
            [
                0.14824826525913481,
                0.8516925756195107,
                5.915912135440182e-05
            ],
            [
                0.8516925756195107,
                0.1478623188457555,
                0.00044510553473375847
            ],
            [
                5.915912135440182e-05,
                0.00044510553473375847,
                0.9994957353439118
            ]
        ]
    ],
    [
        [
            0.9981983874830259,
            -0.6470435503048382
        ],
        [
            [
                0.9987987776975629,
                0.000252523880125477,
                0.0009486984223116557
            ],
            [
                0.000252523880125477,
                0.17652611701140541,
                0.8232213591084692
            ],
            [
                0.0009486984223116557,
                0.8232213591084692,
                0.17582994246921912
            ]
        ]
    ],
    [
        [
            0.9983489371112209,
            -0.5900051948716578
        ],
        [
            [
                0.20474509808091157,
                0.7947274196289746,
                0.0005274822901137344
            ],
            [
                0.7947274196289746,
                0.2046993534098953,
                0.0005732269611300467
            ],
            [
                0.0005274822901137344,
                0.0005732269611300467,
                0.9988992907487562
            ]
        ]
    ],
    [
        [
            0.9584381727627649,
            -0.5252691005276074
        ],
        [
            [
                0.23905467711728323,
                0.0053366800687760785,
                0.7556086428139407
            ],
            [
                0.0053366800687760785,
                0.9721931789315194,
                0.02247014099970457
            ],
            [
                0.7556086428139407,
                0.02247014099970457,
                0.22192121618635474
            ]
        ]
    ],
    [
        [
            0.8783412401655617,
            -0.4450261242505804
        ],
        [
            [
                0.2407997230145944,
                0.05738130787108481,
                0.7018189691143207
            ],
            [
                0.05738130787108481,
                0.9184765270718114,
                0.02414216505710387
            ],
            [
                0.7018189691143207,
                0.02414216505710387,
                0.2740388658285754
            ]
        ]
    ],
    [
        [
            0.7871218135456093,
            -0.35391261373437943
        ],
        [
            [
                0.84916509516862,
                0.1463200167002463,
                0.004514888131133599
            ],
            [
                0.1463200167002463,
                0.2211194880367484,
                0.6325604952630053
            ],
            [
                0.004514888131133599,
                0.6325604952630053,
                0.36292461660586106
            ]
        ]
    ],
    [
        [
            0.678397472598679,
            -0.24507995519077852
        ],
        [
            [
                0.31723153885698063,
                0.11392545389867559,
                0.5688430072443438
            ],
            [
                0.11392545389867559,
                0.7855017659482939,
                0.10057278015303045
            ],
            [
                0.5688430072443438,
                0.10057278015303045,
                0.3305842126026257
            ]
        ]
    ],
    [
        [
            0.534102925727597,
            -0.10081422263425921
        ],
        [
            [
                0.46101737273328536,
                0.0867811445079108,
                0.4522014827588038
            ],
            [
                0.0867811445079108,
                0.6688458343054727,
                0.24437302118661647
            ],
            [
                0.4522014827588038,
                0.24437302118661647,
                0.3034254960545797
            ]
        ]
    ],
    [
        [
            0.999893720326398,
            -0.4332218369396855
        ],
        [
            [
                0.2833476051379722,
                5.919045919794419e-05,
                0.7165932044028298
            ],
            [
                5.919045919794419e-05,
                0.9999291460961861,
                1.1663444615950258e-05
            ],
            [
                0.7165932044028298,
                1.1663444615950258e-05,
                0.2833951321525543
            ]
        ]
    ],
    [
        [
            0.999730001337791,
            -0.4322352496220388
        ],
        [
            [
                0.2837476736194504,
                0.00017971258625110176,
                0.7160726137942985
            ],
            [
                0.00017971258625110176,
                0.9998199896521747,
                2.977615742305595e-07
            ],
            [
                0.7160726137942985,
                2.977615742305595e-07,
                0.2839270884441272
            ]
        ]
    ],
    [
        [
            0.9998537101009826,
            -0.3965444262250216
        ],
        [
            [
                0.9999024724841143,
                2.3466961683094034e-05,
                7.406055420261515e-05
            ],
            [
                2.3466961683094034e-05,
                0.3017287024921831,
                0.6982478305461338
            ],
            [
                7.406055420261515e-05,
                0.6982478305461338,
                0.3016781088996636
            ]
        ]
    ],
    [
        [
            0.9998285665257817,
            -0.353211709965848
        ],
        [
            [
                0.9998857109604674,
                5.09499746321751e-05,
                6.333906490041397e-05
            ],
            [
                5.09499746321751e-05,
                0.32337176734486717,
                0.6765772826805007
            ],
            [
                6.333906490041397e-05,
                0.6765772826805007,
                0.32335937825459893
            ]
        ]
    ],
    [
        [
            0.9990274933059854,
            -0.30963858607879297
        ],
        [
            [
                0.34481373942505344,
                0.6546571444178266,
                0.0005291161571199243
            ],
            [
                0.6546571444178266,
                0.3452235697707161,
                0.00011928581145725925
            ],
            [
                0.0005291161571199243,
                0.00011928581145725925,
                0.9993515980314228
            ]
        ]
    ],
    [
        [
            0.9995904346570532,
            -0.2668203799889908
        ],
        [
            [
                0.3664692885884471,
                0.6333419247904148,
                0.00018878662113808176
            ],
            [
                0.6333419247904148,
                0.3665738139551694,
                8.426125441574062e-05
            ],
            [
                0.00018878662113808176,
                8.426125441574062e-05,
                0.9997269521244462
            ]
        ]
    ],
    [
        [
            0.9837943472662793,
            -0.2171487725856499
        ],
        [
            [
                0.9891865561617035,
                0.007817054217228836,
                0.002996389621067741
            ],
            [
                0.007817054217228836,
                0.3863191769613823,
                0.6058637688213889
            ],
            [
                0.002996389621067741,
                0.6058637688213889,
                0.39113984155754333
            ]
        ]
    ],
    [
        [
            0.9071811774084395,
            -0.14059523321459055
        ],
        [
            [
                0.3892792933233614,
                0.553576684094103,
                0.05714402258253559
            ],
            [
                0.553576684094103,
                0.44043699467945996,
                0.0059863212264370524
            ],
            [
                0.05714402258253559,
                0.0059863212264370524,
                0.9368696561910274
            ]
        ]
    ],
    [
        [
            0.8168959621103876,
            -0.05030110209883581
        ],
        [
            [
                0.8746772835186649,
                0.10011416790294425,
                0.025208548578390833
            ],
            [
                0.10011416790294425,
                0.4085059785841667,
                0.491379853512889
            ],
            [
                0.025208548578390833,
                0.491379853512889,
                0.4834115979087201
            ]
        ]
    ],
    [
        [
            0.7021123000441913,
            0.06454911525602613
        ],
        [
            [
                0.43978202041972647,
                0.4112564222965749,
                0.1489615572836987
            ],
            [
                0.4112564222965749,
                0.5322922649338073,
                0.056451312769617734
            ],
            [
                0.1489615572836987,
                0.056451312769617734,
                0.7945871299466836
            ]
        ]
    ],
    [
        [
            0.999934447249703,
            -0.09993234279457891
        ],
        [
            [
                0.999956297769934,
                7.083994355172596e-06,
                3.6618235710828007e-05
            ],
            [
                7.083994355172596e-06,
                0.45003767046327314,
                0.5499552455423717
            ],
            [
                3.6618235710828007e-05,
                0.5499552455423717,
                0.4500081362219175
            ]
        ]
    ],
    [
        [
            0.999777412286861,
            -0.09974938539693681
        ],
        [
            [
                0.9998516079638973,
                6.301634421845836e-05,
                8.537569188432625e-05
            ],
            [
                6.301634421845836e-05,
                0.45009938913684644,
                0.5498375945189351
            ],
            [
                8.537569188432625e-05,
                0.5498375945189351,
                0.4500770297891805
            ]
        ]
    ],
    [
        [
            0.9999491638444168,
            -0.08214856821258598
        ],
        [
            [
                0.4589145879302481,
                0.5410658114006647,
                1.9600669087238565e-05
            ],
            [
                0.5410658114006647,
                0.4589198984850026,
                1.4290114332737858e-05
            ],
            [
                1.9600669087238565e-05,
                1.4290114332737858e-05,
                0.99996610921658
            ]
        ]
    ],
    [
        [
            0.9999004600638082,
            -0.04882336157456303
        ],
        [
            [
                0.4755883140049464,
                0.524395090273381,
                1.659572167250767e-05
            ],
            [
                0.524395090273381,
                0.47555514496629514,
                4.976476032381161e-05
            ],
            [
                1.659572167250767e-05,
                4.976476032381161e-05,
                0.9999336395180036
            ]
        ]
    ],
    [
        [
            0.9999691652364311,
            -0.015533348437631985
        ],
        [
            [
                0.4922277008953555,
                1.0764013554764862e-05,
                0.5077615350910898
            ],
            [
                1.0764013554764862e-05,
                0.9999794434904894,
                9.792495955840419e-06
            ],
            [
                0.5077615350910898,
                9.792495955840419e-06,
                0.4922286724129543
            ]
        ]
    ],
    [
        [
            0.9999109892100441,
            0.017825185171946582
        ],
        [
            [
                0.5088936787523368,
                3.374899917463203e-05,
                0.49107257224848855
            ],
            [
                3.374899917463203e-05,
                0.999940659439484,
                2.5591561341464786e-05
            ],
            [
                0.49107257224848855,
                2.5591561341464786e-05,
                0.50890183619017
            ]
        ]
    ],
    [
        [
            0.9999310961594303,
            0.05112176099264959
        ],
        [
            [
                0.999954064090862,
                2.026284323258798e-05,
                2.5673065905396086e-05
            ],
            [
                2.026284323258798e-05,
                0.5255521016419453,
                0.4744276355148221
            ],
            [
                2.5673065905396086e-05,
                0.4744276355148221,
                0.5255466914192726
            ]
        ]
    ],
    [
        [
            0.9995075626678497,
            0.08468153109225923
        ],
        [
            [
                0.5423928978703687,
                0.4575771222008467,
                2.997992878456257e-05
            ],
            [
                0.4575771222008467,
                0.5421245268088388,
                0.00029835099031444434
            ],
            [
                2.997992878456257e-05,
                0.00029835099031444434,
                0.999671669080901
            ]
        ]
    ],
    [
        [
            0.9582562047498384,
            0.141557208078798
        ],
        [
            [
                0.5766921163965268,
                0.4218704482371758,
                0.0014374353662973127
            ],
            [
                0.4218704482371758,
                0.5513441417806156,
                0.026785409982208574
            ],
            [
                0.0014374353662973127,
                0.026785409982208574,
                0.9717771546514942
            ]
        ]
    ],
    [
        [
            0.8667002790210226,
            0.23328058207399943
        ],
        [
            [
                0.9109081473386313,
                0.05299219416471973,
                0.03609965849664887
            ],
            [
                0.05299219416471973,
                0.58609008904416,
                0.3609177167911203
            ],
            [
                0.03609965849664887,
                0.3609177167911203,
                0.6029826247122309
            ]
        ]
    ],
    [
        [
            0.9997559081760768,
            0.23373411379302111
        ],
        [
            [
                0.6167931889159355,
                0.00011455282688255242,
                0.3830922582571819
            ],
            [
                0.00011455282688255242,
                0.9998372692417308,
                4.817793138667259e-05
            ],
            [
                0.3830922582571819,
                4.817793138667259e-05,
                0.6168595638114314
            ]
        ]
    ],
    [
        [
            0.9996546025988315,
            0.23399624338626046
        ],
        [
            [
                0.9997697154221874,
                0.00020186126881044375,
                2.8423309002156838e-05
            ],
            [
                0.00020186126881044375,
                0.6168538463015483,
                0.38294429242964123
            ],
            [
                2.8423309002156838e-05,
                0.38294429242964123,
                0.6170272842613567
            ]
        ]
    ],
    [
        [
            0.9994681345601232,
            0.23771259858506555
        ],
        [
            [
                0.6187416269466409,
                0.00020331836467968323,
                0.3810550546886794
            ],
            [
                0.00020331836467968323,
                0.9996454212612739,
                0.00015126037404644688
            ],
            [
                0.3810550546886794,
                0.00015126037404644688,
                0.6187936849372742
            ]
        ]
    ],
    [
        [
            0.9984246291136135,
            0.26477257398391046
        ],
        [
            [
                0.6320773842223878,
                0.36735114533867663,
                0.0005714704389355729
            ],
            [
                0.36735114533867663,
                0.6321700719876977,
                0.00047878267362561067
            ],
            [
                0.0005714704389355729,
                0.00047878267362561067,
                0.9989497468874389
            ]
        ]
    ],
    [
        [
            0.9996130456293456,
            0.29067483090045343
        ],
        [
            [
                0.6453305229951518,
                7.139420844420874e-05,
                0.354598082796404
            ],
            [
                7.139420844420874e-05,
                0.9997420210613035,
                0.0001865847302522372
            ],
            [
