[
    [
        [
            0.9999980277820504,
            -0.4999954149048204,
            -0.5000002455904342,
            -0.9999973400563816
        ],
        [
            [
                5.200125030579983e-07,
                0.4999980950307901,
                0.5000009734388033,
                2.8908750654421667e-07,
                1.224303969316054e-07
            ],
            [
                0.4999980950307901,
                2.0791416184273714e-06,
                0.4999979728899754,
                9.628416572926568e-07,
                8.900959587720969e-07
            ],
            [
                0.5000009734388033,
                0.4999979728899754,
                9.514640115781958e-07,
                9.169213277537835e-08,
                1.0515076975803339e-08
            ],
            [
                2.8908750654421667e-07,
                9.628416572926568e-07,
                9.169213277537835e-08,
                5.780162082302809e-07,
                0.9999980783624951
            ],
            [
                1.224303969316054e-07,
                8.900959587720969e-07,
                1.0515076975803339e-08,
                0.9999980783624951,
                8.985960722185382e-07
            ]
        ]
    ],
    [
        [
            0.9999813632913453,
            -0.4999575555640016,
            -0.4999818201693176,
            -0.9999825790093585
        ],
        [
            [
                1.4268582931631357e-05,
                8.260244831470587e-07,
                1.7753500700101732e-06,
                0.49998648784855043,
                0.4999966421939648
            ],
            [
                8.260244831470587e-07,
                4.791082167110439e-06,
                0.9999856984610184,
                3.851650141828422e-06,
                4.832782189545526e-06
            ],
            [
                1.7753500700101732e-06,
                0.9999856984610184,
                1.4479034450287642e-06,
                9.451907877933152e-06,
                1.6263775887148668e-06
            ],
            [
                0.49998648784855043,
                3.851650141828422e-06,
                9.451907877933152e-06,
                2.110546364808563e-05,
                0.4999791031297818
            ],
            [
                0.4999966421939648,
                4.832782189545526e-06,
                1.6263775887148668e-06,
                0.4999791031297818,
                1.779551647518307e-05
            ]
        ]
    ],
    [
        [
            0.9999999975591992,
            -0.49999999244443033,
            -0.5000000008724377,
            -0.999999997205261
        ],
        [
            [
                1.1641110297944124e-10,
                9.991867333525306e-10,
                7.022599168848842e-10,
                0.99999999787039,
                3.1175223513812966e-10
            ],
            [
                9.991867333525306e-10,
                5.11454878449058e-10,
                0.5000000013926789,
                1.3126100206761748e-10,
                0.4999999969654185
            ],
            [
                7.022599168848842e-10,
                0.5000000013926789,
                5.384528378726827e-10,
                4.259204100520719e-11,
                0.4999999973240163
            ],
            [
                0.99999999787039,
                1.3126100206761748e-10,
                4.259204100520719e-11,
                1.2138476890299899e-09,
                7.419093117633224e-10
            ],
            [
                3.1175223513812966e-10,
                0.4999999969654185,
                0.4999999973240163,
                7.419093117633224e-10,
                4.656903640487542e-09
            ]
        ]
    ],
    [
        [
            0.9999998772093542,
            -0.49999979082312734,
            -0.4999999978252996,
            -0.9999995990812581
        ],
        [
            [
                7.012902014658096e-08,
                0.4999998802082639,
                0.5000000138090936,
                2.9983958815815726e-08,
                5.8696634219757016e-09
            ],
            [
                0.4999998802082639,
                9.074041773526886e-08,
                0.4999999511905967,
                3.623137767583273e-08,
                4.162934397200502e-08
            ],
            [
                0.5000000138090936,
                0.4999999511905967,
                1.3658777442415726e-09,
                1.3198477921694263e-08,
                2.0435953929087702e-08
            ],
            [
                2.9983958815815726e-08,
                3.623137767583273e-08,
                1.3198477921694263e-08,
                1.578827508730285e-07,
                0.9999997627034347
            ],
            [
                5.8696634219757016e-09,
                4.162934397200502e-08,
                2.0435953929087702e-08,
                0.9999997627034347,
                1.693616039633028e-07
            ]
        ]
    ],
    [
        [
            0.9999979337339034,
            -0.4994532310227019,
            -0.5000417463644181,
            -0.9999954105413237
        ],
        [
            [
                1.726964600434755e-06,
                1.8369543797192023e-07,
                8.490822301365775e-07,
                1.5486706644862736e-07,
                0.999997085390665
            ],
            [
                1.8369543797192023e-07,
                3.848552296870089e-05,
                0.4998529298185823,
                0.5001080971206299,
                3.0384238119962603e-07
            ],
            [
                8.490822301365775e-07,
                0.4998529298185823,
                0.00035982442274740123,
                0.49978563524745667,
                7.614289833646204e-07
            ],
            [
                1.5486706644862736e-07,
                0.5001080971206299,
                0.49978563524745667,
                0.00010588616101059323,
                2.266038364173717e-07
            ],
            [
                0.999997085390665,
                3.0384238119962603e-07,
                7.614289833646204e-07,
                2.266038364173717e-07,
                1.6227341339547507e-06
            ]
        ]
    ],
    [
        [
            0.9999739380326746,
            -0.462667702983641,
            -0.5117375749223924,
            -0.9999347812033883
        ],
        [
            [
                0.00014603474263563676,
                8.082083646776539e-08,
                0.4877551852581846,
                1.2055001803290555e-05,
                0.5120866441765399
            ],
            [
                8.082083646776539e-08,
                3.276047664724224e-05,
                4.981012864391232e-06,
                0.999959571927864,
                2.6057617879549078e-06
            ],
            [
                0.4877551852581846,
                4.981012864391232e-06,
                0.024881097125392992,
                8.351874012435534e-06,
                0.48735038472954556
            ],
            [
                1.2055001803290555e-05,
                0.999959571927864,
                8.351874012435534e-06,
                1.6821221385465712e-05,
                3.199974934919858e-06
            ],
            [
                0.5120866441765399,
                2.6057617879549078e-06,
                0.48735038472954556,
                3.199974934919858e-06,
                0.0005571653571917468
            ]
        ]
    ],
    [
        [
            0.9995878782024757,
            -0.4260976732746827,
            -0.5230514270983795,
            -0.999647855487326
        ],
        [
            [
                0.0009667866709555106,
                0.5237459978068367,
                0.4751293576900932,
                3.610166458112296e-06,
                0.00015424766565652615
            ],
            [
                0.5237459978068367,
                0.000425454631247546,
                0.47553434128549876,
                0.00018038622493621315,
                0.0001138200514807508
            ],
            [
                0.4751293576900932,
                0.47553434128549876,
                0.04929379457295102,
                1.2770984459065104e-05,
                2.9735466997971027e-05
            ],
            [
                3.610166458112296e-06,
                0.00018038622493621315,
                1.2770984459065104e-05,
                0.00010296113760821513,
                0.9997002714865384
            ],
            [
                0.00015424766565652615,
                0.0001138200514807508,
                2.9735466997971027e-05,
                0.9997002714865384,
                1.9253293264132054e-06
            ]
        ]
    ],
    [
        [
            0.9999714467090325,
            -0.3862199917209457,
            -0.5378909046307373,
            -0.9999781330806714
        ],
        [
            [
                3.82349160810147e-06,
                3.2172399017649234e-06,
                1.1166212478375126e-05,
                1.292577643363657e-06,
                0.9999805004783684
            ],
            [
                3.2172399017649234e-06,
                0.07585130576739152,
                0.46205673282493914,
                0.4620832042590169,
                5.539908750684663e-06
            ],
            [
                1.1166212478375126e-05,
                0.46205673282493914,
                2.4539977104165445e-05,
                0.5379040898357573,
                3.4711497209904962e-06
            ],
            [
                1.292577643363657e-06,
                0.4620832042590169,
                0.5379040898357573,
                1.8364524989600284e-06,
                9.576875083350256e-06
            ],
            [
                0.9999805004783684,
                5.539908750684663e-06,
                3.4711497209904962e-06,
                9.576875083350256e-06,
                9.115880765797613e-07
            ]
        ]
    ],
    [
        [
            0.9994443547546267,
            -0.3506643784634242,
            -0.5481266077400145,
            -0.9994347189076946
        ],
        [
            [
                0.0001988161112427278,
                0.00014721747129015084,
                7.059472626197438e-05,
                0.9995506013635551,
                3.2770327649978004e-05
            ],
            [
                0.00014721747129015084,
                3.49561783219432e-05,
                0.4509544030842355,
                2.295072811503429e-05,
                0.5488404725380374
            ],
            [
                7.059472626197438e-05,
                0.4509544030842355,
                0.0995418119887741,
                5.479667398783361e-05,
                0.44937839352674064
            ],
            [
                0.9995506013635551,
                2.295072811503429e-05,
                5.479667398783361e-05,
                3.317649596223937e-05,
                0.00033847473837972375
            ],
            [
                3.2770327649978004e-05,
                0.5488404725380374,
                0.44937839352674064,
                0.00033847473837972375,
                0.001409888869192466
            ]
        ]
    ],
    [
        [
            0.9998857274713026,
            -0.3109088152552133,
            -0.5628582011293117,
            -0.9998886375975
        ],
        [
            [
                3.6434678833741074e-05,
                3.2746914091497104e-05,
                1.4869107265447212e-05,
                0.9999100362928428,
                5.913006966506984e-06
            ],
            [
                3.2746914091497104e-05,
                0.12604647029343874,
                0.4369757539761578,
                1.1578252316013504e-05,
                0.43693345056399596
            ],
            [
                1.4869107265447212e-05,
                0.4369757539761578,
                3.662029467699224e-05,
                4.4161666366948626e-05,
                0.5629285949555328
            ],
            [
                0.9999100362928428,
                1.1578252316013504e-05,
                4.4161666366948626e-05,
                6.3652686488335775e-06,
                2.7858519825452177e-05
            ],
            [
                5.913006966506984e-06,
                0.43693345056399596,
                0.5629285949555328,
                2.7858519825452177e-05,
                0.00010418295367919939
            ]
        ]
    ],
    [
        [
            0.9999974904115486,
            -0.27311830363815115,
            -0.5756247912464796,
            -0.9999978865065309
        ],
        [
            [
                3.6814228843162766e-07,
                6.269839917250053e-07,
                1.7176041106070628e-07,
                6.427366673333879e-07,
                0.9999981903766414
            ],
            [
                6.269839917250053e-07,
                0.15125400380764487,
                0.42437205866300737,
                0.4243727449636727,
                5.655816832650373e-07
            ],
            [
                1.7176041106070628e-07,
                0.42437205866300737,
                1.7610178957294664e-06,
                0.5756257399800183,
                2.685786675282742e-07
            ],
            [
                6.427366673333879e-07,
                0.4243727449636727,
                0.5756257399800183,
                1.3645459606692611e-07,
                7.358650456201765e-07
            ],
            [
                0.9999981903766414,
                5.655816832650373e-07,
                2.685786675282742e-07,
                7.358650456201765e-07,
                2.3959796213723905e-07
            ]
        ]
    ],
    [
        [
            0.9999807361249028,
            -0.2355094175502945,
            -0.5881016608652213,
            -0.99996730090567
        ],
        [
            [
                1.0719039636231109e-05,
                8.227461952836634e-06,
                2.4174395327758447e-06,
                0.9999778712277821,
                7.648310960117755e-07
            ],
            [
                8.227461952836634e-06,
                2.16531800978359e-05,
                0.5881288372367455,
                3.225433455877891e-07,
                0.41184095957785827
            ],
            [
                2.4174395327758447e-06,
                0.5881288372367455,
                3.2699987022599686e-05,
                8.008447618668146e-06,
                0.41182803688908054
            ],
            [
                0.9999778712277821,
                3.225433455877891e-07,
                8.008447618668146e-06,
                1.0421838123830796e-05,
                3.3759431297131215e-06
            ],
            [
                7.648310960117755e-07,
                0.41184095957785827,
                0.41182803688908054,
                3.3759431297131215e-06,
                0.17632686275883547
            ]
        ]
    ],
    [
        [
            0.9999998892751732,
            -0.19773878157282218,
            -0.6007536448914748,
            -0.9999999194565621
        ],
        [
            [
                1.2151706418883634e-08,
                0.3992462489218596,
                0.6007536772685116,
                4.162577527111466e-08,
                2.003214716328472e-08
            ],
            [
                0.3992462489218596,
                0.20150746449169699,
                0.39924624275184667,
                8.693181507979375e-09,
                3.5141415277717414e-08
            ],
            [
                0.6007536772685116,
                0.39924624275184667,
                5.260236846105215e-08,
                1.2825602357935395e-08,
                1.4551671034812586e-08
            ],
            [
                4.162577527111466e-08,
                8.693181507979375e-09,
                1.2825602357935395e-08,
                1.0344608392109933e-08,
                0.9999999265108325
            ],
            [
                2.003214716328472e-08,
                3.5141415277717414e-08,
                1.4551671034812586e-08,
                0.9999999265108325,
                3.763934053324647e-09
            ]
        ]
    ],
    [
        [
            0.9999774789768877,
            -0.1599959543997428,
            -0.613302655853458,
            -0.9999722053361753
        ],
        [
            [
                0.2266690686208055,
                0.3866720894173263,
                2.1114778786524013e-06,
                2.834897181780427e-06,
                0.38665389558680774
            ],
            [
                0.3866720894173263,
                3.252190906577468e-06,
                4.079668006584658e-06,
                6.267024286910061e-06,
                0.6133143116994736
            ],
            [
                2.1114778786524013e-06,
                4.079668006584658e-06,
                8.155949702493004e-06,
                0.99997934635194,
                6.3065524723016075e-06
            ],
            [
                2.834897181780427e-06,
                6.267024286910061e-06,
                0.99997934635194,
                6.126095721148417e-06,
                5.425630870192766e-06
            ],
            [
                0.38665389558680774,
                0.6133143116994736,
                6.3065524723016075e-06,
                5.425630870192766e-06,
                2.0060530376175834e-05
            ]
        ]
    ],
    [
        [
            0.9999330324267738,
            -0.12242890504901116,
            -0.6257950926954226,
            -0.9999298523884526
        ],
        [
            [
                2.4995881576339585e-05,
                1.4183284755664438e-05,
                0.3741169582540225,
                0.6258164474403743,
                2.741513927123629e-05
            ],
            [
                1.4183284755664438e-05,
                1.877153032714407e-05,
                2.1342977564786647e-05,
                8.665340183733328e-07,
                0.999944835673334
            ],
            [
                0.3741169582540225,
                2.1342977564786647e-05,
                0.2517065031419792,
                0.37415180614372306,
                3.389482710502989e-06
            ],
            [
                0.6258164474403743,
                8.665340183733328e-07,
                0.37415180614372306,
                1.7715958602337878e-05,
                1.3163923281822587e-05
            ],
            [
                2.741513927123629e-05,
                0.999944835673334,
                3.389482710502989e-06,
                1.3163923281822587e-05,
                1.1195781402406624e-05
            ]
        ]
    ],
    [
        [
            0.9978987579898815,
            -0.07065125523336192,
            -0.6420878959091786,
            -0.9983600188442325
        ],
        [
            [
                1.7880059596464548e-05,
                0.0005214561819247843,
                0.9985495166978922,
                0.0006606572381486209,
                0.0002504898224380825
            ],
            [
                0.0005214561819247843,
                7.651524781826513e-05,
                0.0005596418457607943,
                0.3564201438394898,
                0.6424222428850064
            ],
            [
                0.9985495166978922,
                0.0005596418457607943,
                0.0003612526609800826,
                0.00048119895744147545,
                4.83898379255443e-05
            ],
            [
                0.0006606572381486209,
                0.3564201438394898,
                0.00048119895744147545,
                0.28575153127250186,
                0.3566864686924183
            ],
            [
                0.0002504898224380825,
                0.6424222428850064,
                4.83898379255443e-05,
                0.3566864686924183,
                0.0005924087622117824
            ]
        ]
    ],
    [
        [
            0.9996072988679691,
            0.251955670634728,
            -0.7504142720084228,
            -0.9992267377518353
        ],
        [
            [
                0.0001892454850225267,
                0.00012827205845300504,
                0.9994955518132055,
                0.0001387063866865046,
                4.8224256632367624e-05
            ],
            [
                0.00012827205845300504,
                6.884712887023081e-05,
                3.894699339612728e-05,
                0.750468931743891,
                0.24929500207538968
            ],
            [
                0.9994955518132055,
                3.894699339612728e-05,
                0.0003484006202363332,
                4.360475619902271e-05,
                7.349581696297625e-05
            ],
            [
                0.0001387063866865046,
                0.750468931743891,
                4.360475619902271e-05,
                4.0472885259656977e-05,
                0.2493082842279638
            ],
            [
                4.8224256632367624e-05,
                0.24929500207538968,
                7.349581696297625e-05,
                0.2493082842279638,
                0.5012749936230512
            ]
        ]
    ],
    [
        [
            0.9995593299708639,
            0.2889025654685304,
            -0.7626631486747733,
            -0.9996226036778508
        ],
        [
            [
                0.00011834989298464826,
                0.23698339121706635,
                6.613657338294665e-05,
                0.7627643579862824,
                6.776433028371498e-05
            ],
            [
                0.23698339121706635,
                0.5258607313173669,
                0.00012481320569651677,
                0.23695627343116055,
                7.47908287096477e-05
            ],
            [
                6.613657338294665e-05,
                0.00012481320569651677,
                6.989656070710559e-06,
                0.00012296344878520715,
                0.9996790971160646
            ],
            [
                0.7627643579862824,
                0.23695627343116055,
                0.00012296344878520715,
                8.406481458878012e-05,
                7.234031918307293e-05
            ],
            [
                6.776433028371498e-05,
                7.47908287096477e-05,
                0.9996790971160646,
                7.234031918307293e-05,
                0.0001060074057588345
            ]
        ]
    ],
    [
        [
            0.9998903786008382,
            0.3281076080053228,
            -0.7760106493390339,
            -0.9997908218832413
        ],
        [
            [
                0.5520171096453438,
                0.2239459547580932,
                4.27232815619627e-05,
                0.22393305991718726,
                6.115239781379067e-05
            ],
            [
                0.2239459547580932,
                1.0999786421939106e-05,
                2.45184962527345e-06,
                0.7760286515798877,
                1.1942025971878323e-05
            ],
            [
                4.27232815619627e-05,
                2.45184962527345e-06,
                8.156494572220119e-05,
                1.073769169640526e-05,
                0.9998625222313942
            ],
            [
                0.22393305991718726,
                0.7760286515798877,
                1.073769169640526e-05,
                2.5004236402281776e-05,
                2.5465748264008603e-06
            ],
            [
                6.115239781379067e-05,
                1.1942025971878323e-05,
                0.9998625222313942,
                2.5465748264008603e-06,
                6.183676999382826e-05
            ]
        ]
    ],
    [
        [
            0.9989850719196545,
            0.3641378303510785,
            -0.7877378733515263,
            -0.9993551885349546
        ],
        [
            [
                6.640722420225842e-05,
                0.21173194578858856,
                7.181217233448445e-05,
                0.0002917899372923971,
                0.7878380448775822
            ],
            [
                0.21173194578858856,
                0.5757939072593031,
                0.0003196691341479929,
                0.00033042693885210195,
                0.21182405087910822
            ],
            [
                7.181217233448445e-05,
                0.0003196691341479929,
                3.5307014788266144e-05,
                0.9993729764154402,
                0.0002002352632891058
            ],
            [
                0.0002917899372923971,
                0.00033042693885210195,
                0.9993729764154402,
                6.783071762050952e-07,
                4.128401239089641e-06
            ],
            [
                0.7878380448775822,
                0.21182405087910822,
                0.0002002352632891058,
                4.128401239089641e-06,
                0.00013354057878145476
            ]
        ]
    ],
    [
        [
            0.999217358641765,
            0.40309893190079044,
            -0.8007281197311281,
            -0.9991621675745063
        ],
        [
            [
                0.0001538250037727007,
                0.00047117326211332244,
                0.9993461782288611,
                7.631312336053853e-06,
                2.119219291679686e-05
            ],
            [
                0.00047117326211332244,
                0.6017083980924894,
                0.00022201559112594582,
                0.19884906576712857,
                0.19874934728714272
            ],
            [
                0.9993461782288611,
                0.00022201559112594582,
                0.00021428284812863296,
                0.00015552907628768597,
                6.19942555966646e-05
            ],
            [
                7.631312336053853e-06,
                0.19884906576712857,
                0.00015552907628768597,
                8.490243621694926e-05,
                0.8009028714080307
            ],
            [
                2.119219291679686e-05,
                0.19874934728714272,
                6.19942555966646e-05,
                0.8009028714080307,
                0.0002645948563131384
            ]
        ]
    ],
    [
        [
            0.9998550252252101,
            0.44117596192693664,
            -0.8136400605285081,
            -0.9998039522079536
        ],
        [
            [
                3.272672992604697e-05,
                8.918591052731184e-05,
                0.9998584786099135,
                4.236357270093194e-06,
                1.537239236304444e-05
            ],
            [
                8.918591052731184e-05,
                4.007215840118317e-05,
                6.796394076857837e-06,
                0.18619938302282446,
                0.8136645625141702
            ],
            [
                0.9998584786099135,
                6.796394076857837e-06,
                7.634406327761134e-05,
                5.736326703464911e-05,
                1.017665697322645e-06
            ],
            [
                4.236357270093194e-06,
                0.18619938302282446,
                5.736326703464911e-05,
                0.6274289006945908,
                0.18631011665828
            ],
            [
                1.537239236304444e-05,
                0.8136645625141702,
                1.017665697322645e-06,
                0.18631011665828,
                8.930769489379209e-06
            ]
        ]
    ],
    [
        [
            0.9968684149429126,
            0.47883289520023165,
            -0.825774397627373,
            -0.9978634498337058
        ],
        [
            [
                0.0003657862181651872,
                0.8260526292153717,
                0.1732818384091822,
                0.00014845010907854617,
                0.0001512960482024095
            ],
            [
                0.8260526292153717,
                0.00019018824971606119,
                0.17287996905276437,
                0.0006812214067202227,
                0.0001959920754276423
            ],
            [
                0.1732818384091822,
                0.17287996905276437,
                0.6512520225739005,
                0.0010285708385735504,
                0.0015575991255793453
            ],
            [
                0.00014845010907854617,
                0.0006812214067202227,
                0.0010285708385735504,
                0.00015105526756009624,
                0.9979907023780675
            ],
            [
                0.0001512960482024095,
                0.0001959920754276423,
                0.0015575991255793453,
                0.9979907023780675,
                0.00010441037272301834
            ]
        ]
    ],
    [
        [
            0.9996797507544452,
            0.516774861517811,
            -0.8388993627794525,
            -0.99980005135732
        ],
        [
            [
                4.688533888685953e-06,
                2.820495285460467e-05,
                0.00012557527825829418,
                0.9998039341248408,
                3.7597110157661096e-05
            ],
            [
                2.820495285460467e-05,
                1.1510337710740615e-05,
                0.16104391113033467,
                2.8708671345745174e-07,
                0.8389160864923865
            ],
            [
                0.00012557527825829418,
                0.16104391113033467,
                0.6777139805445773,
                0.00014242469249114986,
                0.16097410835433856
            ],
            [
                0.9998039341248408,
                2.8708671345745174e-07,
                0.00014242469249114986,
                3.082386072605914e-06,
                5.0271709881977156e-05
            ],
            [
                3.7597110157661096e-05,
                0.8389160864923865,
                0.16097410835433856,
                5.0271709881977156e-05,
                2.1936333235217376e-05
            ]
        ]
    ],
    [
        [
            0.9978648571116632,
            0.5488529243015347,
            -0.8484148455131478,
            -0.9982654369482278
        ],
        [
            [
                0.0003976628083790512,
                0.8487307408028413,
                0.1505420435488718,
                2.8460488338211132e-05,
                0.00030109235156960956
            ],
            [
                0.8487307408028413,
                0.0002338031098416682,
                0.14965417690231064,
                0.0008457320168863691,
                0.0005355471681200985
            ],
            [
                0.1505420435488718,
                0.14965417690231064,
                0.6989521343213182,
                0.00048583504720189907,
                0.0003658101802974656
            ],
            [
                2.8460488338211132e-05,
                0.0008457320168863691,
                0.00048583504720189907,
                0.00014816042992171763,
                0.9984918120176518
            ],
            [
                0.00030109235156960956,
                0.0005355471681200985,
                0.0003658101802974656,
                0.9984918120176518,
                0.0003057382823610233
            ]
        ]
    ],
    [
        [
            0.9939855037992917,
            0.594632997913559,
            -0.8649068802406648,
            -0.9959609238691283
        ],
        [
            [
                0.00014194791540678153,
                0.9961671178523237,
                0.0022694719590679036,
                0.0003029540478363679,
                0.0011185082253653555
            ],
            [
                0.9961671178523237,
                0.0002799087704605796,
                0.002801520207461994,
                0.0007421249860168344,
                9.328183736834195e-06
            ],
            [
                0.0022694719590679036,
                0.002801520207461994,
                0.727194158989288,
                0.13396840056158177,
                0.13376644828260037
            ],
            [
                0.0003029540478363679,
                0.0007421249860168344,
                0.13396840056158177,
                7.743512083990822e-06,
                0.864978776892481
            ],
            [
                0.0011185082253653555,
                9.328183736834195e-06,
                0.13376644828260037,
                0.864978776892481,
                0.0001269384158164577
            ]
        ]
    ],
    [
        [
            0.9902264022940982,
            0.6338947240204246,
            -0.878234491107933,
            -0.9931507789426665
        ],
        [
            [
                1.4336017680527391e-05,
                0.00027004725967527676,
                0.003926415046235199,
                0.0021801995421403264,
                0.9936090021342687
            ],
            [
                0.00027004725967527676,
                0.0005766172664991576,
                0.12051553833822642,
                0.8785635827847927,
                7.42143508062898e-05
            ],
            [
                0.003926415046235199,
                0.12051553833822642,
                0.7511560215756237,
                0.11909693253178083,
                0.005305092508133935
            ],
            [
                0.0021801995421403264,
                0.8785635827847927,
                0.11909693253178083,
                6.823776930819925e-05,
                9.10473719779592e-05
            ],
            [
                0.9936090021342687,
                7.42143508062898e-05,
                0.005305092508133935,
                9.10473719779592e-05,
                0.0009206436348130342
            ]
        ]
    ],
    [
        [
            0.9974164927404251,
            0.6655570020067594,
            -0.8878566291390529,
            -0.9973827597117402
        ],
        [
            [
                0.00026291925557675455,
                0.1111822674894481,
                0.00039984591687819426,
                0.00011205585361745429,
                0.8880429114844794
            ],
            [
                0.1111822674894481,
                0.7762949908720742,
                0.000531983807002534,
                0.001100708436671094,
                0.11089004939480407
            ],
            [
                0.00039984591687819426,
                0.000531983807002534,
                0.0005389822920098819,
                0.9979158370997713,
                0.0006133508843381152
            ],
            [
                0.00011205585361745429,
                0.001100708436671094,
                0.9979158370997713,
                0.0005274619251458557,
                0.000343936684794377
            ],
            [
                0.8880429114844794,
                0.11089004939480407,
                0.0006133508843381152,
                0.000343936684794377,
                0.00010975155158399197
            ]
        ]
    ],
    [
        [
            0.9917843514095722,
            0.7064252472085382,
            -0.9017902798267552,
            -0.9936098746975632
        ],
        [
            [
                0.8004688120322005,
                0.09611504839489582,
                0.00445023807345335,
                0.003004072696052351,
                0.09596182880339788
            ],
            [
                0.09611504839489582,
                0.0006300844902114022,
                0.0003487858747243666,
                0.0006530415166068892,
                0.9022530397235615
            ],
            [
                0.00445023807345335,
                0.0003487858747243666,
                0.0006703186538055128,
                0.9943164863811719,
                0.0002141710168448996
            ],
            [
                0.003004072696052351,
                0.0006530415166068892,
                0.9943164863811719,
                0.000747833933773201,
                0.001278565472395743
            ],
            [
                0.09596182880339788,
                0.9022530397235615,
                0.0002141710168448996,
                0.001278565472395743,
                0.00029239498380007056
            ]
        ]
    ],
    [
        [
            0.9952500481815207,
            0.7426094946382672,
            -0.9138737026856008,
            -0.9967968953447138
        ],
        [
            [
                0.826633567867093,
                0.0025979828303627772,
                0.0010276511647055453,
                0.08506503656126652,
                0.0846757615765722
            ],
            [
                0.0025979828303627772,
                0.0001679248295174407,
                0.9969684920355508,
                1.6623813401006604e-05,
                0.0002489764911679515
            ],
            [
                0.0010276511647055453,
                0.9969684920355508,
                0.0001774945142349882,
                0.0007299543939036646,
                0.001096407891604867
            ],
            [
                0.08506503656126652,
                1.6623813401006604e-05,
                0.0007299543939036646,
                0.00020974438470089396,
                0.9139786408467279
            ],
            [
                0.0846757615765722,
                0.0002489764911679515,
                0.001096407891604867,
                0.9139786408467279,
                2.131939271787786e-07
            ]
        ]
    ],
    [
        [
            0.9949656827687118,
            0.7742381895181305,
            -0.9238095394347027,
            -0.9964367120197658
        ],
        [
            [
                0.8475301719031005,
                0.002476780412086599,
                0.074449998654611,
                0.0740444691508827,
                0.0014985798793191174
            ],
            [
                0.002476780412086599,
                0.00016701174246969153,
                7.07955330275789e-05,
                0.0005843529512810086,
                0.9967010593611351
            ],
            [
                0.074449998654611,
                7.07955330275789e-05,
                0.0005453008463019993,
                0.9242584587721432,
                0.0006754461939162404
            ],
            [
                0.0740444691508827,
                0.0005843529512810086,
                0.9242584587721432,
                0.00035147045028205426,
                0.0007612486754110526
            ],
            [
                0.0014985798793191174,
                0.9967010593611351,
                0.0006754461939162404,
                0.0007612486754110526,
                0.000363665890218523
            ]
        ]
    ],
    [
        [
            0.989552298654312,
            0.8170825028287296,
            -0.9400514148767919,
            -0.9928101336009884
        ],
        [
            [
                0.0002928251389687775,
                0.9931584793951629,
                0.00016862841914599969,
                0.006131966982304171,
                0.00024810006441822186
            ],
            [
