[
    [
        [
            -0.35193394580785586,
            -0.5484499472628448
        ],
        [
            [
                7.149858267530007e-05,
                0.45102733679354745,
                0.5489011646237772
            ],
            [
                0.45102733679354745,
                0.0987092180884267,
                0.45026344511802585
            ],
            [
                0.5489011646237772,
                0.45026344511802585,
                0.0008353902581968997
            ]
        ]
    ],
    [
        [
            -0.35193394580785586,
            -0.5484499472628448
        ],
        [
            [
                7.149858267530007e-05,
                0.45102733679354745,
                0.5489011646237772
            ],
            [
                0.45102733679354745,
                0.0987092180884267,
                0.45026344511802585
            ],
            [
                0.5489011646237772,
                0.45026344511802585,
                0.0008353902581968997
            ]
        ]
    ],
    [
        [
            -0.35193394580785586,
            -0.5484499472628448
        ],
        [
            [
                7.149858267530007e-05,
                0.45102733679354745,
                0.5489011646237772
            ],
            [
                0.45102733679354745,
                0.0987092180884267,
                0.45026344511802585
            ],
            [
                0.5489011646237772,
                0.45026344511802585,
                0.0008353902581968997
            ]
        ]
    ],
    [
        [
            -0.35193394580785586,
            -0.5484499472628448
        ],
        [
            [
                7.149858267530007e-05,
                0.45102733679354745,
                0.5489011646237772
            ],
            [
                0.45102733679354745,
                0.0987092180884267,
                0.45026344511802585
            ],
            [
                0.5489011646237772,
                0.45026344511802585,
                0.0008353902581968997
            ]
        ]
    ],
    [
        [
            -0.35247373825448247,
            -0.5487650475603033
        ],
        [
            [
                6.53358243187796e-05,
                0.4509646296668148,
                0.5489700345088664
            ],
            [
                0.4509646296668148,
                0.09835064160147355,
                0.45068472873171167
            ],
            [
                0.5489700345088664,
                0.45068472873171167,
                0.00034523675942188525
            ]
        ]
    ],
    [
        [
            -0.35247373825448247,
            -0.5487650475603033
        ],
        [
            [
                6.53358243187796e-05,
                0.4509646296668148,
                0.5489700345088664
            ],
            [
                0.4509646296668148,
                0.09835064160147355,
                0.45068472873171167
            ],
            [
                0.5489700345088664,
                0.45068472873171167,
                0.00034523675942188525
            ]
        ]
    ],
    [
        [
            -0.35247373825448247,
            -0.5487650475603033
        ],
        [
            [
                6.53358243187796e-05,
                0.4509646296668148,
                0.5489700345088664
            ],
            [
                0.4509646296668148,
                0.09835064160147355,
                0.45068472873171167
            ],
            [
                0.5489700345088664,
                0.45068472873171167,
                0.00034523675942188525
            ]
        ]
    ],
    [
        [
            -0.35213004861373975,
            -0.547911259537539
        ],
        [
            [
                0.0009543625186265725,
                0.4504457312678502,
                0.5485999062135232
            ],
            [
                0.4504457312678502,
                0.09857925213788366,
                0.4509750165942661
            ],
            [
                0.5485999062135232,
                0.4509750165942661,
                0.00042507719221074325
            ]
        ]
    ],
    [
        [
            -0.353143569021429,
            -0.5470357448785625
        ],
        [
            [
                0.001140753512707926,
                0.5479936011557803,
                0.45086564533151174
            ],
            [
                0.5479936011557803,
                0.0007759883815161572,
                0.45123041046270357
            ],
            [
                0.45086564533151174,
                0.45123041046270357,
                0.09790394420578474
            ]
        ]
    ],
    [
        [
            -0.353143569021429,
            -0.5470357448785625
        ],
        [
            [
                0.001140753512707926,
                0.5479936011557803,
                0.45086564533151174
            ],
            [
                0.5479936011557803,
                0.0007759883815161572,
                0.45123041046270357
            ],
            [
                0.45086564533151174,
                0.45123041046270357,
                0.09790394420578474
            ]
        ]
    ],
    [
        [
            0.14986069942295654,
            -0.7165328628535185
        ],
        [
            [
                4.3635263734520535e-05,
                0.7165765479972462,
                0.2833798167390192
            ],
            [
                0.7165765479972462,
                4.37350237382228e-05,
                0.28337971697901554
            ],
            [
                0.2833798167390192,
                0.28337971697901554,
                0.43324046628196533
            ]
        ]
    ],
    [
        [
            0.1499428665209566,
            -0.7166211055619371
        ],
        [
            [
                0.4332952441813809,
                0.2833438990132433,
                0.28336085680537576
            ],
            [
                0.2833438990132433,
                2.173728488552573e-05,
                0.7166343637018712
            ],
            [
                0.28336085680537576,
                0.7166343637018712,
                4.779492753126391e-06
            ]
        ]
    ],
    [
        [
            0.14973213008089276,
            -0.7164143517222358
        ],
        [
            [
                7.612296721337675e-05,
                0.7164958641408609,
                0.28342801289192576
            ],
            [
                0.7164958641408609,
                8.690207125439109e-05,
                0.2834172337878848
            ],
            [
                0.28342801289192576,
                0.2834172337878848,
                0.4331547533201894
            ]
        ]
    ],
    [
        [
            0.1497231024232378,
            -0.7164388717425404
        ],
        [
            [
                4.634148563353868e-05,
                0.2834470399640195,
                0.716506618550347
            ],
            [
                0.2834470399640195,
                0.43314873389069564,
                0.2834042261452849
            ],
            [
                0.716506618550347,
                0.2834042261452849,
                8.91553043680382e-05
            ]
        ]
    ],
    [
        [
            0.14992903729670107,
            -0.7166301628069687
        ],
        [
            [
                6.965067427922023e-06,
                0.7166365876189276,
                0.28335644731364457
            ],
            [
                0.7166365876189276,
                5.884558510693694e-06,
                0.2833575278225617
            ],
            [
                0.28335644731364457,
                0.2833575278225617,
                0.43328602486379375
            ]
        ]
    ],
    [
        [
            0.1441708217534018,
            -0.7109104366204054
        ],
        [
            [
                0.42944676937362514,
                0.28571286115137584,
                0.284840369474999
            ],
            [
                0.28571286115137584,
                0.0014705620414972032,
                0.712816576807127
            ],
            [
                0.284840369474999,
                0.712816576807127,
                0.002343053717874022
            ]
        ]
    ],
    [
        [
            0.1197300123769566,
            -0.6864313179166098
        ],
        [
            [
                0.006521468698639898,
                0.6964724270377902,
                0.2970061042635698
            ],
            [
                0.6964724270377902,
                0.013655451493743476,
                0.2898721214684663
            ],
            [
                0.2970061042635698,
                0.2898721214684663,
                0.4131217742679638
            ]
        ]
    ],
    [
        [
            0.09347846397404742,
            -0.6601493629590964
        ],
        [
            [
                0.022416400312124773,
                0.6789541007622217,
                0.29862949892565355
            ],
            [
                0.6789541007622217,
                0.015294049433128953,
                0.3057518498046493
            ],
            [
                0.29862949892565355,
                0.3057518498046493,
                0.3956186512696971
            ]
        ]
    ],
    [
        [
            0.0651519295492543,
            -0.6318537899721208
        ],
        [
            [
                0.007774041851170033,
                0.6588337626708393,
                0.33339219547799065
            ],
            [
                0.6588337626708393,
                0.05004126526655728,
                0.29112497206260346
            ],
            [
                0.33339219547799065,
                0.29112497206260346,
                0.37548283245940595
            ]
        ]
    ],
    [
        [
            0.03448224830155351,
            -0.6011520459463988
        ],
        [
            [
                0.35296609947416435,
                0.2909906619118299,
                0.3560432386140057
            ],
            [
                0.2909906619118299,
                0.07270833979158309,
                0.636300998296587
            ],
            [
                0.3560432386140057,
                0.636300998296587,
                0.007655763089407186
            ]
        ]
    ],
    [
        [
            0.6479567623111792,
            -0.881747182046104
        ],
        [
            [
                0.0005554682805786193,
                0.8821997042243617,
                0.11724482749505977
            ],
            [
                0.8821997042243617,
                0.0003496176275976648,
                0.11745067814804072
            ],
            [
                0.11724482749505977,
                0.11745067814804072,
                0.7653044943568995
            ]
        ]
    ],
    [
        [
            0.648128714053886,
            -0.881955438404668
        ],
        [
            [
                0.7654190806449139,
                0.11707256811967898,
                0.1175083512354071
            ],
            [
                0.11707256811967898,
                0.0005949890600160934,
                0.8823324428203049
            ],
            [
                0.1175083512354071,
                0.8823324428203049,
                0.00015920594428808776
            ]
        ]
    ],
    [
        [
            0.6281155960471264,
            -0.8617080127720966
        ],
        [
            [
                0.007031203317743651,
                0.12409554841782466,
                0.8688732482644317
            ],
            [
                0.12409554841782466,
                0.7520770399019463,
                0.1238274116802291
            ],
            [
                0.8688732482644317,
                0.1238274116802291,
                0.007299340055339165
            ]
        ]
    ],
    [
        [
            0.5832818213913835,
            -0.8167362438872063
        ],
        [
            [
                0.7218424214454096,
                0.15462662678757927,
                0.12353095176701118
            ],
            [
                0.15462662678757927,
                0.00680374051909971,
                0.838569632693321
            ],
            [
                0.12353095176701118,
                0.838569632693321,
                0.03789941553966791
            ]
        ]
    ],
    [
        [
            0.5351223740850559,
            -0.7686850896982678
        ],
        [
            [
                0.0013958948513335123,
                0.19394850745929526,
                0.8046555976893712
            ],
            [
                0.19394850745929526,
                0.6878742398827652,
                0.11817725265793955
            ],
            [
                0.8046555976893712,
                0.11817725265793955,
                0.07716714965268923
            ]
        ]
    ],
    [
        [
            0.4833386914706327,
            -0.7167301982378917
        ],
        [
            [
                0.06438372131093595,
                0.16349031870323305,
                0.772125959985831
            ],
            [
                0.16349031870323305,
                0.6554302066022015,
                0.18107947469456542
            ],
            [
                0.772125959985831,
                0.18107947469456542,
                0.046794565319603576
            ]
        ]
    ],
    [
        [
            0.42638524082355905,
            -0.6598092489921794
        ],
        [
            [
                0.13124301717670772,
                0.13987274319184462,
                0.7288842396314477
            ],
            [
                0.13987274319184462,
                0.6121722355471378,
                0.24795502126101754
            ],
            [
                0.7288842396314477,
                0.24795502126101754,
                0.0231607391075348
            ]
        ]
    ],
    [
        [
            0.36274783840846425,
            -0.596157395003047
        ],
        [
            [
                0.08155121798528464,
                0.6914385942915715,
                0.22701018772314385
            ],
            [
                0.6914385942915715,
                0.11030540942585265,
                0.19825599628257584
            ],
            [
                0.22701018772314385,
                0.19825599628257584,
                0.5747338159942803
            ]
        ]
    ],
    [
        [
            0.2896538734724733,
            -0.5229994596843229
        ],
        [
            [
                0.22838989959568778,
                0.15239452467684156,
                0.6192155757274707
            ],
            [
                0.15239452467684156,
                0.5025427826215458,
                0.34506269270161255
            ],
            [
                0.6192155757274707,
                0.34506269270161255,
                0.03572173157091685
            ]
        ]
    ],
    [
        [
            0.19969086605097497,
            -0.4330314817324687
        ],
        [
            [
                0.23718728518110743,
                0.1994489833472179,
                0.5633637314716747
            ],
            [
                0.1994489833472179,
                0.4466934236309279,
                0.35385759302185416
            ],
            [
                0.5633637314716747,
                0.35385759302185416,
                0.08277867550647111
            ]
        ]
    ],
    [
        [
            0.9997407421688173,
            -0.9998412781403488
        ],
        [
            [
                1.2134446924272346e-05,
                0.00011043669837507153,
                0.9998774288547007
            ],
            [
                0.00011043669837507153,
                0.9998271608689348,
                6.240243269017842e-05
            ],
            [
                0.9998774288547007,
                6.240243269017842e-05,
                6.016871260916545e-05
            ]
        ]
    ],
    [
        [
            0.999487593240617,
            -0.9874727153842512
        ],
        [
            [
                0.9996583755668668,
                0.0003115138776548787,
                3.0110555478357615e-05
            ],
            [
                0.0003115138776548787,
                0.006037549483661309,
                0.9936509366386838
            ],
            [
                3.0110555478357615e-05,
                0.9936509366386838,
                0.00631895280583783
            ]
        ]
    ],
    [
        [
            0.9995000595726302,
            -0.9259010284635044
        ],
        [
            [
                0.03685447889422999,
                0.9628671778692205,
                0.00027834323654957194
            ],
            [
                0.9628671778692205,
                0.03707785879111258,
                5.496333966692468e-05
            ],
            [
                0.00027834323654957194,
                5.496333966692468e-05,
                0.9996666934237834
            ]
        ]
    ],
    [
        [
            0.9626078018970022,
            -0.8631410718617585
        ],
        [
            [
                0.056396986597901155,
                0.9253014094328376,
                0.018301603969261282
            ],
            [
                0.9253014094328376,
                0.06803496898688288,
                0.006663621580279555
            ],
            [
                0.018301603969261282,
                0.006663621580279555,
                0.9750347744504592
            ]
        ]
    ],
    [
        [
            0.8933789513516066,
            -0.7934643555117548
        ],
        [
            [
                0.08665610706763616,
                0.03438347894336419,
                0.8789604139889997
            ],
            [
                0.03438347894336419,
                0.9289177119089258,
                0.03669880914771001
            ],
            [
                0.8789604139889997,
                0.03669880914771001,
                0.08434077686329022
            ]
        ]
    ],
    [
        [
            0.8171989592895832,
            -0.7173000306496895
        ],
        [
            [
                0.877068384439671,
                0.03290535087492841,
                0.09002626468540065
            ],
            [
                0.03290535087492841,
                0.1399757290053475,
                0.8271189201197241
            ],
            [
                0.09002626468540065,
                0.8271189201197241,
                0.08285481519487525
            ]
        ]
    ],
    [
        [
            0.7327484083512904,
            -0.6330505285228171
        ],
        [
            [
                0.09704938848082623,
                0.7692349234127179,
                0.13371568810645584
            ],
            [
                0.7692349234127179,
                0.18356462802069262,
                0.04720044856658945
            ],
            [
                0.13371568810645584,
                0.04720044856658945,
                0.8190838633269547
            ]
        ]
    ],
    [
        [
            0.6370473610791902,
            -0.5370587893985055
        ],
        [
            [
                0.24670904953294448,
                0.05402275843067317,
                0.6992681920363824
            ],
            [
                0.05402275843067317,
                0.7492624778767245,
                0.19671476369260238
            ],
            [
                0.6992681920363824,
                0.19671476369260238,
                0.10401704427101532
            ]
        ]
    ],
    [
        [
            0.5208810125091502,
            -0.42104609522855074
        ],
        [
            [
                0.5222596674575688,
                0.002722278693571223,
                0.47501805384886
            ],
            [
                0.002722278693571223,
                0.5249355124891595,
                0.47234220881726924
            ],
            [
                0.47501805384886,
                0.47234220881726924,
                0.05263973733387073
            ]
        ]
    ],
    [
        [
            0.36619153117237635,
            -0.2662207442866879
        ],
        [
            [
                0.5023821483925253,
                0.38849705147597663,
                0.10912080013149805
            ],
            [
                0.38849705147597663,
                0.1591061935743423,
                0.452396754949681
            ],
            [
                0.10912080013149805,
                0.452396754949681,
                0.43848244491882093
            ]
        ]
    ],
    [
        [
            0.9993687047093355,
            -0.7659710553505171
        ],
        [
            [
                0.9995791192242753,
                8.705144002718601e-05,
                0.0003338293356974775
            ],
            [
                8.705144002718601e-05,
                0.11703265401510643,
                0.8828802945448664
            ],
            [
                0.0003338293356974775,
                0.8828802945448664,
                0.11678587611943614
            ]
        ]
    ],
    [
        [
            0.999641441516944,
            -0.7596562188522831
        ],
        [
            [
                0.12015641244047215,
                0.8797683474499367,
                7.524010959114591e-05
            ],
            [
                0.8797683474499367,
                0.12006785144192156,
                0.00016380110814168125
            ],
            [
                7.524010959114591e-05,
                0.00016380110814168125,
                0.9997609587822671
            ]
        ]
    ],
    [
        [
            0.9988616383447579,
            -0.7035797213399941
        ],
        [
            [
                0.1481599907902782,
                0.0002398983657987408,
                0.8516001108439231
            ],
            [
                0.0002398983657987408,
                0.9992410693463051,
                0.0005190322878961817
            ],
            [
                0.8516001108439231,
                0.0005190322878961817,
                0.14788085686818075
            ]
        ]
    ],
    [
        [
            0.9993250471307648,
            -0.6472634628681574
        ],
        [
            [
                0.17611876765446566,
                0.0003620158604796808,
                0.8235192164850547
            ],
            [
                0.0003620158604796808,
                0.9995500086163582,
                8.797552316203161e-05
            ],
            [
                0.8235192164850547,
                8.797552316203161e-05,
                0.17639280799178336
            ]
        ]
    ],
    [
        [
            0.9989564263420281,
            -0.5906026433398192
        ],
        [
            [
                0.9993042460475793,
                0.00017367872492546343,
                0.0005220752274952556
            ],
            [
                0.00017367872492546343,
                0.20469896672859966,
                0.7951273545464749
            ],
            [
                0.0005220752274952556,
                0.7951273545464749,
                0.20435057022602987
            ]
        ]
    ],
    [
        [
            0.9578073148293329,
            -0.5250200118773769
        ],
        [
            [
                0.2376541442945681,
                0.755408708840606,
                0.006937146864825938
            ],
            [
                0.755408708840606,
                0.22333079834080394,
                0.021260492818590104
            ],
            [
                0.006937146864825938,
                0.021260492818590104,
                0.971802360316584
            ]
        ]
    ],
    [
        [
            0.8781695720270067,
            -0.4449201646933751
        ],
        [
            [
                0.9178439570432944,
                0.0162105943112954,
                0.06594544864541024
            ],
            [
                0.0162105943112954,
                0.28257015231222593,
                0.7012192533764787
            ],
            [
                0.06594544864541024,
                0.7012192533764787,
                0.23283529797811098
            ]
        ]
    ],
    [
        [
            0.7871599408092256,
            -0.35384831542597284
        ],
        [
            [
                0.26552321066812634,
                0.6405604688239998,
                0.09391632050787391
            ],
            [
                0.6405604688239998,
                0.31057213319950006,
                0.04886739797650019
            ],
            [
                0.09391632050787391,
                0.04886739797650019,
                0.8572162815156259
            ]
        ]
    ],
    [
        [
            0.6784842495952497,
            -0.24515153977932536
        ],
        [
            [
                0.3154560773386348,
                0.11570911707355602,
                0.5688348055878092
            ],
            [
                0.11570911707355602,
                0.7855011604957713,
                0.09878972243067269
            ],
            [
                0.5688348055878092,
                0.09878972243067269,
                0.3323754719815182
            ]
        ]
    ],
    [
        [
            0.5341343130793127,
            -0.10081426609317568
        ],
        [
            [
                0.6144967419940723,
                0.05283495068586552,
                0.33266830732006214
            ],
            [
                0.05283495068586552,
                0.5493283308131305,
                0.39783671850100394
            ],
            [
                0.33266830732006214,
                0.39783671850100394,
                0.26949497417893387
            ]
        ]
    ],
    [
        [
            0.9997926706146705,
            -0.4330724558024202
        ],
        [
            [
                0.9998617757243475,
                1.1174269818337024e-05,
                0.0001270500058340729
            ],
            [
                1.1174269818337024e-05,
                0.2834871574119592,
                0.7165016683182225
            ],
            [
                0.0001270500058340729,
                0.7165016683182225,
                0.2833712816759435
            ]
        ]
    ],
    [
        [
            0.9997758788403482,
            -0.43308824555197084
        ],
        [
            [
                0.2834388245917838,
                0.7165067686741448,
                5.440673407136609e-05
            ],
            [
                0.7165067686741448,
                0.28339822337826015,
                9.500794759509379e-05
            ],
            [
                5.440673407136609e-05,
                9.500794759509379e-05,
                0.9998505853183335
            ]
        ]
    ],
    [
        [
            0.9998608478608346,
            -0.3965943026607731
        ],
        [
            [
                0.30167115640382325,
                0.6982739592037089,
                5.488439246781329e-05
            ],
            [
                0.6982739592037089,
                0.3016881569924985,
                3.7883803792604365e-05
            ],
            [
                5.488439246781329e-05,
                3.7883803792604365e-05,
                0.9999072318037396
            ]
        ]
    ],
    [
        [
            0.9997574031834243,
            -0.35337519743945417
        ],
        [
            [
                0.9998382625075157,
                0.00014605928522148925,
                1.567820726272595e-05
            ],
            [
                0.00014605928522148925,
                0.32320678107924783,
                0.6766471596355307
            ],
            [
                1.567820726272595e-05,
                0.6766471596355307,
                0.32333716215720654
            ]
        ]
    ],
    [
        [
            0.9997434909213981,
            -0.30995033133515093
        ],
        [
            [
                0.3450397506909274,
                2.7840232563858258e-05,
                0.6549324090765087
            ],
            [
                2.7840232563858258e-05,
                0.9998289888696323,
                0.00014317089780385706
            ],
            [
                0.6549324090765087,
                0.00014317089780385706,
                0.34492442002568735
            ]
        ]
    ],
    [
        [
            0.9993270690579787,
            -0.2664860997569201
        ],
        [
            [
                0.9995513283384599,
                4.46153459605636e-05,
                0.00040405631557949295
            ],
            [
                4.46153459605636e-05,
                0.36682454096610884,
                0.6331308436879306
            ],
            [
                0.00040405631557949295,
                0.6331308436879306,
                0.3664650999964899
            ]
        ]
    ],
    [
        [
            0.9840456432702597,
            -0.217492466198838
        ],
        [
            [
                0.3925247426370517,
                0.606061630644137,
                0.0014136267188112894
            ],
            [
                0.606061630644137,
                0.3846902152545222,
                0.009248154101340833
            ],
            [
                0.0014136267188112894,
                0.009248154101340833,
                0.9893382191798479
            ]
        ]
    ],
    [
        [
            0.9073502633089167,
            -0.14069283436651997
        ],
        [
            [
                0.9379159135279445,
                0.04393976219380169,
                0.0181443242782538
            ],
            [
                0.04393976219380169,
                0.4014730387494523,
                0.554587199056746
            ],
            [
                0.0181443242782538,
                0.554587199056746,
                0.4272684766650001
            ]
        ]
    ],
    [
        [
            0.8170388418383797,
            -0.0503868139076703
        ],
        [
            [
                0.46783352430140557,
                0.4934867501643387,
                0.03867972553425575
            ],
            [
                0.4934867501643387,
                0.4220057394996104,
                0.08450751033605097
            ],
            [
                0.03867972553425575,
                0.08450751033605097,
                0.8768127641296932
            ]
        ]
    ],
    [
        [
            0.7020700044511813,
            0.06458214179170363
        ],
        [
            [
                0.5824434682011871,
                0.39272061314852236,
                0.024835918650290556
            ],
            [
                0.39272061314852236,
                0.40816199177173296,
                0.19911739507974469
            ],
            [
                0.024835918650290556,
                0.19911739507974469,
                0.7760466862699648
            ]
        ]
    ],
    [
        [
            0.9998962101057598,
            -0.09988336192594419
        ],
        [
            [
                0.45001305734550945,
                0.5499243812251802,
                6.256142931038156e-05
            ],
            [
                0.5499243812251802,
                0.45006898551921815,
                6.6332556016290845e-06
            ],
            [
                6.256142931038156e-05,
                6.6332556016290845e-06,
                0.9999308053150879
            ]
        ]
    ],
    [
        [
            0.9999653064056482,
            -0.09993020408011524
        ],
        [
            [
                0.45003375473115703,
                0.5499593197352004,
                6.92553364256554e-06
            ],
            [
                0.5499593197352004,
                0.450024476696409,
                1.6203568390604772e-05
            ],
            [
                6.92553364256554e-06,
                1.6203568390604772e-05,
                0.9999768708979668
            ]
        ]
    ],
    [
        [
            0.9999690641863355,
            -0.0821551926248926
        ],
        [
            [
                0.45891713563351033,
                1.0424023010657812e-05,
                0.541072440343479
            ],
            [
                1.0424023010657812e-05,
                0.9999793761242005,
                1.0199852788828068e-05
            ],
            [
                0.541072440343479,
                1.0199852788828068e-05,
                0.45891735980373216
            ]
        ]
    ],
    [
        [
            0.9999585467418635,
            -0.04883477127070242
        ],
        [
            [
                0.4755868607063355,
                2.6627719634797486e-06,
                0.524410476521701
            ],
            [
                2.6627719634797486e-06,
                0.9999723642572815,
                2.49729707550439e-05
            ],
            [
                0.524410476521701,
                2.49729707550439e-05,
                0.47556455050754387
            ]
        ]
    ],
    [
        [
            0.9999462985094864,
            -0.015523216776843735
        ],
        [
            [
                0.49221222254356056,
                3.511990039850588e-05,
                0.5077526575560409
            ],
            [
                3.511990039850588e-05,
                0.9999641984223623,
                6.816772392115311e-07
            ],
            [
                0.5077526575560409,
                6.816772392115311e-07,
                0.49224666076671986
            ]
        ]
    ],
    [
        [
            0.9999851923211174,
            0.017775476920403564
        ],
        [
            [
                0.9999901282113723,
                3.783138203483638e-06,
                6.088650424174169e-06
            ],
            [
                3.783138203483638e-06,
                0.5088864232711846,
                0.4911097935906119
            ],
            [
                6.088650424174169e-06,
                0.4911097935906119,
                0.5088841177589639
            ]
        ]
    ],
    [
        [
            0.9998191172034515,
            0.051205891330633885
        ],
        [
            [
                0.5255793832024134,
                5.370968707352208e-05,
                0.47436690711051305
            ],
            [
                5.370968707352208e-05,
                0.9998794113775558,
                6.687893537066225e-05
            ],
            [
                0.47436690711051305,
                6.687893537066225e-05,
                0.5255662139541163
            ]
        ]
    ],
    [
        [
            0.9999541495272972,
            0.08443770415949463
        ],
        [
            [
                0.999969432835844,
                6.147165721781533e-06,
                2.4419998434166423e-05
            ],
            [
                6.147165721781533e-06,
                0.5422203468418301,
                0.4577735059924481
            ],
            [
                2.4419998434166423e-05,
                0.4577735059924481,
                0.5422020740091178
            ]
        ]
    ],
    [
        [
            0.958616626836255,
            0.14135158241382523
        ],
        [
            [
                0.9723184591592174,
                0.019992462506655095,
                0.007689078334127464
            ],
            [
                0.019992462506655095,
                0.5576731829591679,
                0.42233435453417706
            ],
            [
                0.007689078334127464,
                0.42233435453417706,
                0.5699765671316954
            ]
        ]
    ],
    [
        [
            0.866247667999108,
            0.2336658828013629
        ],
        [
            [
                0.6226804189705588,
                0.018759095428170558,
                0.3585604856012707
            ],
            [
                0.018759095428170558,
                0.9085172610015062,
                0.0727236435703233
            ],
            [
                0.3585604856012707,
                0.0727236435703233,
                0.568715870828406
            ]
        ]
    ],
    [
        [
            0.9998591150352192,
            0.23349146617164268
        ],
        [
            [
                0.6167621228986397,
                7.095162791459497e-06,
                0.38323078193856885
            ],
            [
                7.095162791459497e-06,
                0.9999060725419997,
                8.68322952088385e-05
            ],
            [
                0.38323078193856885,
                8.68322952088385e-05,
                0.6166823857662223
            ]
        ]
    ],
    [
        [
            0.999699808068037,
            0.23373824087097195
        ],
        [
            [
                0.9997998572572913,
                2.4814841018183653e-05,
                0.00017532790169055845
            ],
            [
                2.4814841018183653e-05,
                0.6168943523711953,
                0.38308083278778654
            ],
            [
                0.00017532790169055845,
                0.38308083278778654,
                0.6167438393105229
            ]
        ]
    ],
    [
        [
            0.9993500405312948,
            0.23779799780734118
        ],
        [
            [
                0.9995666636047533,
                0.00010964110055000642,
                0.0003236952946966687
            ],
            [
                0.00010964110055000642,
                0.6188977144640151,
                0.38099264443543485
            ],
            [
                0.0003236952946966687,
                0.38099264443543485,
                0.6186836602698684
            ]
        ]
    ],
    [
        [
            0.9995846209366647,
            0.2640818942538453
        ],
        [
            [
                0.6320820968955531,
                2.8113195473522534e-05,
                0.3678897899089734
            ],
            [
                2.8113195473522534e-05,
                0.9997230475042284,
                0.0002488393002981204
            ],
            [
                0.3678897899089734,
                0.0002488393002981204,
                0.6318613707907285
            ]
        ]
    ],
    [
        [
            0.9994918807778306,
            0.2904884626067664
        ],
        [
            [
                0.6451297290869251,
                0.3546710796517037,
                0.0001991912613711344
            ],
            [
                0.3546710796517037,
                0.6451893629536696,
                0.00013955739462678807
            ],
            [
