[
    [
        [
            -0.3511020385499444,
            -0.5491467744491939
        ],
        [
            [
                0.0002108943090191051,
                0.45039940193184497,
                0.549389703759136
            ],
            [
                0.45039940193184497,
                0.09926529725956701,
                0.450335300808588
            ],
            [
                0.549389703759136,
                0.450335300808588,
                0.0002749954322760484
            ]
        ]
    ],
    [
        [
            -0.3506248224806646,
            -0.5494917606717709
        ],
        [
            [
                9.592832536220453e-05,
                0.5496417138546784,
                0.4502623578199594
            ],
            [
                0.5496417138546784,
                0.00020406624374169624,
                0.45015421990157994
            ],
            [
                0.4502623578199594,
                0.45015421990157994,
                0.09958342227846062
            ]
        ]
    ],
    [
        [
            -0.35100925065996447,
            -0.5491870321435726
        ],
        [
            [
                0.09932679338571115,
                0.45014439431988856,
                0.45052881229440034
            ],
            [
                0.45014439431988856,
                0.00043067089263160163,
                0.5494249347874798
            ],
            [
                0.45052881229440034,
                0.5494249347874798,
                4.62529181198823e-05
            ]
        ]
    ],
    [
        [
            -0.35100925065996447,
            -0.5491870321435726
        ],
        [
            [
                0.09932679338571115,
                0.45014439431988856,
                0.45052881229440034
            ],
            [
                0.45014439431988856,
                0.00043067089263160163,
                0.5494249347874798
            ],
            [
                0.45052881229440034,
                0.5494249347874798,
                4.62529181198823e-05
            ]
        ]
    ],
    [
        [
            -0.352548597755254,
            -0.5476103951885363
        ],
        [
            [
                0.09829486290104605,
                0.4516220963397976,
                0.45008304075915634
            ],
            [
                0.4516220963397976,
                3.5442872612367893e-06,
                0.5483743593729411
            ],
            [
                0.45008304075915634,
                0.5483743593729411,
                0.0015425998679026165
            ]
        ]
    ],
    [
        [
            0.7742264748101836,
            -0.9243357965055911
        ],
        [
            [
                0.00023772356668749772,
                0.07522330045037867,
                0.9245389759829338
            ],
            [
                0.07522330045037867,
                0.84948431513523,
                0.07529238441439123
            ],
            [
                0.9245389759829338,
                0.07529238441439123,
                0.00016863960267499145
            ]
        ]
    ],
    [
        [
            0.7255672436198688,
            -0.8756127549914874
        ],
        [
            [
                0.02361425433428921,
                0.8920041227737465,
                0.08438162289196421
            ],
            [
                0.8920041227737465,
                0.009358867206154753,
                0.09863701002009873
            ],
            [
                0.08438162289196421,
                0.09863701002009873,
                0.8169813670879371
            ]
        ]
    ],
    [
        [
            0.6036369653238892,
            -0.7537909702593878
        ],
        [
            [
                0.7347802849315899,
                0.10686386226931105,
                0.15835585279909914
            ],
            [
                0.10686386226931105,
                0.08327885033134974,
                0.8098572873993392
            ],
            [
                0.15835585279909914,
                0.8098572873993392,
                0.03178685980156171
            ]
        ]
    ],
    [
        [
            0.45434790715939183,
            -0.6043709662402009
        ],
        [
            [
                0.0885388250539576,
                0.7105848757360065,
                0.2008762992100359
            ],
            [
                0.7105848757360065,
                0.12586476966963134,
                0.16355035459436218
            ],
            [
                0.2008762992100359,
                0.16355035459436218,
                0.6355733461956019
            ]
        ]
    ],
    [
        [
            0.24137436084990485,
            -0.3913848557302262
        ],
        [
            [
                0.10343526972608519,
                0.5436438416802079,
                0.3529208885937069
            ],
            [
                0.5436438416802079,
                0.27791564115354617,
                0.17844051716624593
            ],
            [
                0.3529208885937069,
                0.17844051716624593,
                0.46863859424004717
            ]
        ]
    ],
    [
        [
            0.9997953364096325,
            -0.5997899091438816
        ],
        [
            [
                0.999863553677855,
                0.00012427705112033616,
                1.2169271024708994e-05
            ],
            [
                0.00012427705112033616,
                0.20001488290390013,
                0.7998608400449796
            ],
            [
                1.2169271024708994e-05,
                0.7998608400449796,
                0.20012699068399575
            ]
        ]
    ],
    [
        [
            0.9979341008833854,
            -0.5383358061666508
        ],
        [
            [
                0.23100791020921063,
                0.0001688551859916898,
                0.7688232346047976
            ],
            [
                0.0001688551859916898,
                0.9986223819631648,
                0.0012087628508435366
            ],
            [
                0.7688232346047976,
                0.0012087628508435366,
                0.2299680025443589
            ]
        ]
    ],
    [
        [
            0.9996236684088495,
            -0.4274810753267157
        ],
        [
            [
                0.28619104969098885,
                0.7136778156861147,
                0.00013113462289648936
            ],
            [
                0.7136778156861147,
                0.28620243116396327,
                0.00011975314992201946
            ],
            [
                0.00013113462289648936,
                0.00011975314992201946,
                0.9997491122271815
            ]
        ]
    ],
    [
        [
            0.8682025673242068,
            -0.2682821936158179
        ],
        [
            [
                0.9115777736728363,
                0.061999654574239116,
                0.026422571752924617
            ],
            [
                0.061999654574239116,
                0.3263827586071191,
                0.6116175868186418
            ],
            [
                0.026422571752924617,
                0.6116175868186418,
                0.3619598414284336
            ]
        ]
    ],
    [
        [
            0.6174313665159656,
            -0.017437670296295282
        ],
        [
            [
                0.32736621802775945,
                0.2942213540035662,
                0.3784124279686743
            ],
            [
                0.2942213540035662,
                0.6784092760785094,
                0.02736936991792438
            ],
            [
                0.3784124279686743,
                0.02736936991792438,
                0.5942182021134013
            ]
        ]
    ],
    [
        [
            0.9997870957575788,
            0.15023454053418134
        ],
        [
            [
                0.5751163847662919,
                3.63723590655618e-05,
                0.4248472428746425
            ],
            [
                3.63723590655618e-05,
                0.9998580610205227,
                0.00010556662041177889
            ],
            [
                0.4248472428746425,
                0.00010556662041177889,
                0.5750471905049457
            ]
        ]
    ],
    [
        [
            0.9997979115887101,
            0.1637622382330404
        ],
        [
            [
                0.9998652660164093,
                0.0001265391486793832,
                8.194834911212645e-06
            ],
            [
                0.0001265391486793832,
                0.5817882697457866,
                0.4180851911055341
            ],
            [
                8.194834911212645e-06,
                0.4180851911055341,
                0.5819066140595547
            ]
        ]
    ],
    [
        [
            0.9991033112414902,
            0.22723423325911019
        ],
        [
            [
                0.613203327714923,
                0.0005634182219803052,
                0.38623325406309666
            ],
            [
                0.0005634182219803052,
                0.9994020263133969,
                3.4555464622720855e-05
            ],
            [
                0.38623325406309666,
                3.4555464622720855e-05,
                0.6137321904722806
            ]
        ]
    ],
    [
        [
            0.9996355878932681,
            0.2900252704974972
        ],
        [
            [
                0.9997570569441638,
                9.726601548132319e-05,
                0.0001456770403548413
            ],
            [
                9.726601548132319e-05,
                0.6449761062357374,
                0.35492662774878125
            ],
            [
                0.0001456770403548413,
                0.35492662774878125,
                0.6449276952108639
            ]
        ]
    ],
    [
        [
            0.9913745115732064,
            0.3585756503638151
        ],
        [
            [
                0.994249552089034,
                0.0026785174299442938,
                0.0030719304810216674
            ],
            [
                0.0026785174299442938,
                0.6780470114495326,
                0.3192744711205231
            ],
            [
                0.0030719304810216674,
                0.3192744711205231,
                0.6776535983984553
            ]
        ]
    ],
    [
        [
            0.9708342156359901,
            0.9292909340925649
        ],
        [
            [
                0.9803084112662723,
                0.00758752472589469,
                0.012104064007832926
            ],
            [
                0.00758752472589469,
                0.9621666388721106,
                0.03024583640199474
            ],
            [
                0.012104064007832926,
                0.03024583640199474,
                0.9576500995901723
            ]
        ]
    ],
    [
        [
            0.9943291337586558,
            0.9057918620363066
        ],
        [
            [
                0.9513126207527334,
                0.002537790840729248,
                0.04614958840653732
            ],
            [
                0.002537790840729248,
                0.996210086304018,
                0.0012521228552528352
            ],
            [
                0.04614958840653732,
                0.0012521228552528352,
                0.9525982887382098
            ]
        ]
    ],
    [
        [
            0.9952983494939766,
            0.9047291320381814
        ],
        [
            [
                0.9968655231521257,
                0.001611456755467866,
                0.0015230200924063464
            ],
            [
                0.001611456755467866,
                0.9515367608584853,
                0.04685178238604687
            ],
            [
                0.0015230200924063464,
                0.04685178238604687,
                0.9516251975215468
            ]
        ]
    ],
    [
        [
            0.9854924065716234,
            0.937354145858019
        ],
        [
            [
                0.9684268852055381,
                0.028724651711068416,
                0.002848463083393482
            ],
            [
                0.028724651711068416,
                0.9642717392982145,
                0.0070036089907170584
            ],
            [
                0.002848463083393482,
                0.0070036089907170584,
                0.9901479279258895
            ]
        ]
    ],
    [
        [
            0.9921176179410295,
            0.9552450260186085
        ],
        [
            [
                0.9754522241716199,
                0.0035258538553352148,
                0.021021921973044866
            ],
            [
                0.0035258538553352148,
                0.9947032439528636,
                0.0017709021918012047
            ],
            [
                0.021021921973044866,
                0.0017709021918012047,
                0.9772071758351539
            ]
        ]
    ]
]