[
    [
        [
            -0.49594564384014084,
            -0.4994949023751738
        ],
        [
            [
                0.0026729797978113368,
                0.49843452766520147,
                0.49889249253698725
            ],
            [
                0.49843452766520147,
                0.0011722194293299903,
                0.5003932529054685
            ],
            [
                0.49889249253698725,
                0.5003932529054685,
                0.0007142545575442583
            ]
        ]
    ],
    [
        [
            -0.49608597208000804,
            -0.4986300128508722
        ],
        [
            [
                0.0010410879009216112,
                0.49986710892009595,
                0.49909180317898244
            ],
            [
                0.49986710892009595,
                0.0017338107135425052,
                0.4983990803663615
            ],
            [
                0.49909180317898244,
                0.4983990803663615,
                0.002509116454656013
            ]
        ]
    ],
    [
        [
            -0.4974288114475275,
            -0.4978509897706921
        ],
        [
            [
                0.0017060542825637626,
                0.4991876536678652,
                0.499106292049571
            ],
            [
                0.4991876536678652,
                0.0014663914404613454,
                0.4993459548916734
            ],
            [
                0.499106292049571,
                0.4993459548916734,
                0.001547753058755541
            ]
        ]
    ],
    [
        [
            -0.4941262952873653,
            -0.501636013956652
        ],
        [
            [
                0.0001751688099744797,
                0.5017969040760335,
                0.49802792711399196
            ],
            [
                0.5017969040760335,
                0.00014677249198324915,
                0.4980563234319833
            ],
            [
                0.49802792711399196,
                0.4980563234319833,
                0.003915749454024731
            ]
        ]
    ],
    [
        [
            -0.4982863528210519,
            -0.49966685271734074
        ],
        [
            [
                0.0007495942078608042,
                0.5000194300668391,
                0.49923097572530006
            ],
            [
                0.5000194300668391,
                0.00025437295610375443,
                0.49972619697705717
            ],
            [
                0.49923097572530006,
                0.49972619697705717,
                0.0010428272976428232
            ]
        ]
    ],
    [
        [
            -0.49701911233599166,
            -0.5006487214751035
        ],
        [
            [
                0.001977501699148787,
                0.49914404669256024,
                0.498878451608291
            ],
            [
                0.49914404669256024,
                4.4534702743348475e-05,
                0.5008114186046965
            ],
            [
                0.498878451608291,
                0.5008114186046965,
                0.00031012978701250304
            ]
        ]
    ],
    [
        [
            -0.4982201836482915,
            -0.5000545429284202
        ],
        [
            [
                0.0005840992841997794,
                0.5002374268012552,
                0.49917847391454506
            ],
            [
                0.5002374268012552,
                4.1110626189277966e-05,
                0.4997214625725556
            ],
            [
                0.49917847391454506,
                0.4997214625725556,
                0.001100063512899263
            ]
        ]
    ],
    [
        [
            -0.49131426365387826,
            -0.5012412926644416
        ],
        [
            [
                0.0003321284301569527,
                0.49765508960784915,
                0.5020127819619938
            ],
            [
                0.49765508960784915,
                0.005735003802834093,
                0.49660990658931675
            ],
            [
                0.5020127819619938,
                0.49660990658931675,
                0.0013773114486894666
            ]
        ]
    ],
    [
        [
            -0.47259468598230064,
            -0.5067241314209097
        ],
        [
            [
                0.0022047391535011673,
                0.5078741717848648,
                0.48992108906163406
            ],
            [
                0.5078741717848648,
                0.00026168036002882644,
                0.4918641478551063
            ],
            [
                0.48992108906163406,
                0.4918641478551063,
                0.018214763083259644
            ]
        ]
    ],
    [
        [
            -0.45125088015214815,
            -0.5129495652213778
        ],
        [
            [
                0.0025200567277336994,
                0.5145757562855093,
                0.4829041869867569
            ],
            [
                0.5145757562855093,
                0.0008039642999939645,
                0.48462027941449676
            ],
            [
                0.4829041869867569,
                0.48462027941449676,
                0.03247553359874633
            ]
        ]
    ],
    [
        [
            -0.4295014831435411,
            -0.5188541225713966
        ],
        [
            [
                0.0011553338658384371,
                0.4776991951515447,
                0.5211454709826169
            ],
            [
                0.4776991951515447,
                0.04696766812514808,
                0.4753331367233072
            ],
            [
                0.5211454709826169,
                0.4753331367233072,
                0.003521392294075998
            ]
        ]
    ],
    [
        [
            -0.4092215142865668,
            -0.5244575545497987
        ],
        [
            [
                0.00044406022861531724,
                0.5272488746258064,
                0.47230706514557835
            ],
            [
                0.5272488746258064,
                0.005467530727395475,
                0.4672835946467982
            ],
            [
                0.47230706514557835,
                0.4672835946467982,
                0.06040934020762345
            ]
        ]
    ],
    [
        [
            -0.3774870178887806,
            -0.5390979606952911
        ],
        [
            [
                0.08167530928120548,
                0.4591936482215998,
                0.4591310424971947
            ],
            [
                0.4591936482215998,
                0.0008385532051587985,
                0.5399677985732414
            ],
            [
                0.4591310424971947,
                0.5399677985732414,
                0.0009011589295638833
            ]
        ]
    ],
    [
        [
            -0.3566089109199636,
            -0.5447960321661998
        ],
        [
            [
                0.09557099235205713,
                0.450741391351807,
                0.45368761629613585
            ],
            [
                0.450741391351807,
                0.002985144753054114,
                0.5462734638951389
            ],
            [
                0.45368761629613585,
                0.5462734638951389,
                3.891980872527956e-05
            ]
        ]
    ],
    [
        [
            -0.34102359294022927,
            -0.5464725347588085
        ],
        [
            [
                0.0019015383153661025,
                0.5497141318445753,
                0.4483843298400586
            ],
            [
                0.5497141318445753,
                0.0046362659905395676,
                0.44564960216488514
            ],
            [
                0.4483843298400586,
                0.44564960216488514,
                0.10596606799505626
            ]
        ]
    ],
    [
        [
            -0.31372099902958617,
            -0.5600863802078476
        ],
        [
            [
                0.1241792464817314,
                0.4388224962849245,
                0.4369982572333441
            ],
            [
                0.4388224962849245,
                9.456761462711682e-05,
                0.5610829361004483
            ],
            [
                0.4369982572333441,
                0.5610829361004483,
                0.0019188066662074732
            ]
        ]
    ],
    [
        [
            -0.29071631862229913,
            -0.5644914491447314
        ],
        [
            [
                0.0010212474269453153,
                0.5671070867552985,
                0.43187166581775616
            ],
            [
                0.5671070867552985,
                0.004267781934240933,
                0.4286251313104606
            ],
            [
                0.43187166581775616,
                0.4286251313104606,
                0.1395032028717833
            ]
        ]
    ],
    [
        [
            -0.2679418179416906,
            -0.5750744238973362
        ],
        [
            [
                0.15470518861384475,
                0.4224452605355537,
                0.42284955085060155
            ],
            [
                0.4224452605355537,
                0.0013414299310881006,
                0.5762133095333583
            ],
            [
                0.42284955085060155,
                0.5762133095333583,
                0.0009371396160402501
            ]
        ]
    ],
    [
        [
            -0.24167488901222714,
            -0.5834122340465653
        ],
        [
            [
                0.17220603799913314,
                0.41254470022676837,
                0.4152492617740985
            ],
            [
                0.41254470022676837,
                0.0027057002447022915,
                0.5847495995285293
            ],
            [
                0.4152492617740985,
                0.5847495995285293,
                1.1386973721716487e-06
            ]
        ]
    ],
    [
        [
            -0.21946677969094147,
            -0.5920803401293868
        ],
        [
            [
                0.1870221368112266,
                0.40644563584772064,
                0.4065322273410527
            ],
            [
                0.40644563584772064,
                0.0007586674308885932,
                0.5927956967213908
            ],
            [
                0.4065322273410527,
                0.5927956967213908,
                0.0006720759375564711
            ]
        ]
    ],
    [
        [
            -0.19766941662518125,
            -0.5997675904863246
        ],
        [
            [
                0.00033317929825948944,
                0.6002720794618682,
                0.39939474123987234
            ],
            [
                0.6002720794618682,
                0.0006762376841195072,
                0.39905168285401227
            ],
            [
                0.39939474123987234,
                0.39905168285401227,
                0.20155357590611533
            ]
        ]
    ],
    [
        [
            -0.1749122294829674,
            -0.6075858686319445
        ],
        [
            [
                0.2167251706875135,
                0.3915917068621534,
                0.3916831224503331
            ],
            [
                0.3915917068621534,
                0.0004340733928771545,
                0.6079742197449695
            ],
            [
                0.3916831224503331,
                0.6079742197449695,
                0.0003426578046974438
            ]
        ]
    ],
    [
        [
            -0.15756114121443948,
            -0.610238406685066
        ],
        [
            [
                0.002449058219230915,
                0.38535967602579685,
                0.6121912657549722
            ],
            [
                0.38535967602579685,
                0.22829149180521946,
                0.38634883216898375
            ],
            [
                0.6121912657549722,
                0.38634883216898375,
                0.0014599020760440728
            ]
        ]
    ],
    [
        [
            -0.12228843595379456,
            -0.6256220160466002
        ],
        [
            [
                0.2518076581035359,
                0.3739825901887028,
                0.37420975170776133
            ],
            [
                0.3739825901887028,
                0.0002545257075639018,
                0.6257628841037334
            ],
            [
                0.37420975170776133,
                0.6257628841037334,
                2.736418850535216e-05
            ]
        ]
    ],
    [
        [
            0.18874166138656714,
            -0.7287799020724599
        ],
        [
            [
                0.0006883667378749792,
                0.27013158606616244,
                0.7291800471959625
            ],
            [
                0.27013158606616244,
                0.45916092685301646,
                0.2707074870808211
            ],
            [
                0.7291800471959625,
                0.2707074870808211,
                0.0001124657232163262
            ]
        ]
    ],
    [
        [
            -0.08023426750658677,
            -0.6394528152445704
        ],
        [
            [
                0.00021644850884450229,
                0.6396873618661999,
                0.3600961896249556
            ],
            [
                0.6396873618661999,
                0.00025264824937720753,
                0.36005998988442284
            ],
            [
                0.3600961896249556,
                0.36005998988442284,
                0.2798438204906215
            ]
        ]
    ],
    [
        [
            0.236753326477598,
            -0.7449669992676936
        ],
        [
            [
                0.0001790223180992978,
                0.2545452912476895,
                0.7452756864342112
            ],
            [
                0.2545452912476895,
                0.49116885003916366,
                0.25428585871314685
            ],
            [
                0.7452756864342112,
                0.25428585871314685,
                0.00043845485264193407
            ]
        ]
    ],
    [
        [
            0.2583905727125747,
            -0.7518995478721933
        ],
        [
            [
                0.5055936034142258,
                0.24696563023825702,
                0.24744076634751722
            ],
            [
                0.24696563023825702,
                0.0006862787677077709,
                0.7523480909940352
            ],
            [
                0.24744076634751722,
                0.7523480909940352,
                0.00021114265844757174
            ]
        ]
    ],
    [
        [
            0.28159848870471743,
            -0.7600528540497424
        ],
        [
            [
                0.00022501132089791653,
                0.239482147300774,
                0.7602928413783281
            ],
            [
                0.239482147300774,
                0.5210656587058157,
                0.23945219399341033
            ],
            [
                0.7602928413783281,
                0.23945219399341033,
                0.00025496462826157806
            ]
        ]
    ],
    [
        [
            0.3016697033582582,
            -0.7666797712367817
        ],
        [
            [
                0.00020563552464814006,
                0.7669514946653595,
                0.23284286980999236
            ],
            [
                0.7669514946653595,
                0.0003378358707307738,
                0.23271066946390973
            ],
            [
                0.23284286980999236,
                0.23271066946390973,
                0.5344464607260979
            ]
        ]
    ],
    [
        [
            0.32598614416572425,
            -0.7744286852012419
        ],
        [
            [
                0.550657428525896,
                0.2246937589733834,
                0.2246488125007206
            ],
            [
                0.2246937589733834,
                0.00042754198296157675,
                0.774878699043655
            ],
            [
                0.2246488125007206,
                0.774878699043655,
                0.0004724884556244202
            ]
        ]
    ],
    [
        [
            0.3487245852056817,
            -0.7820303080923966
        ],
        [
            [
                0.00027780725736992196,
                0.7824692056425137,
                0.21725298710011637
            ],
            [
                0.7824692056425137,
                0.000600125656759043,
                0.2169306687007273
            ],
            [
                0.21725298710011637,
                0.2169306687007273,
                0.5658163441991564
            ]
        ]
    ],
    [
        [
            0.3728644974181947,
            -0.7906649368337313
        ],
        [
            [
                0.00024144040114393306,
                0.2089486909474103,
                0.7908098686514458
            ],
            [
                0.2089486909474103,
                0.5819096489436772,
                0.20914166010891239
            ],
            [
                0.7908098686514458,
                0.20914166010891239,
                4.847123964180078e-05
            ]
        ]
    ],
    [
        [
            0.3895799089563871,
            -0.7961770601081254
        ],
        [
            [
                9.281394814930621e-06,
                0.20363891660713485,
                0.7963518019980502
            ],
            [
                0.20363891660713485,
                0.5930532264221813,
                0.20330785697068382
            ],
            [
                0.7963518019980502,
                0.20330785697068382,
                0.00034034103126590054
            ]
        ]
    ],
    [
        [
            0.413629108908245,
            -0.8032639319624988
        ],
        [
            [
                0.609085856726957,
                0.19509464852542796,
                0.19581949474761506
            ],
            [
                0.19509464852542796,
                0.0010020832204882257,
                0.8039032682540839
            ],
            [
                0.19581949474761506,
                0.8039032682540839,
                0.00027723699830106696
            ]
        ]
    ],
    [
        [
            0.43949707666073645,
            -0.812606168238176
        ],
        [
            [
                0.626331375937266,
                0.18676135000169514,
                0.1869072740610389
            ],
            [
                0.18676135000169514,
                0.00035272827231913606,
                0.8128859217259857
            ],
            [
                0.1869072740610389,
                0.8128859217259857,
                0.00020680421297536444
            ]
        ]
    ],
    [
        [
            0.46143093033880456,
            -0.8198224933478413
        ],
        [
            [
                0.00048626671947249456,
                0.17936403768234294,
                0.8201496955981845
            ],
            [
                0.17936403768234294,
                0.6409539140936659,
                0.1796820482239912
            ],
            [
                0.8201496955981845,
                0.1796820482239912,
                0.00016825617782423308
            ]
        ]
    ],
    [
        [
            0.48563081699483907,
            -0.8279916269422636
        ],
        [
            [
                0.657087115351582,
                0.1712053653946657,
                0.17170751925375227
            ],
            [
                0.1712053653946657,
                0.0005271142800399309,
                0.8282675203252944
            ],
            [
                0.17170751925375227,
                0.8282675203252944,
                2.4960420953346052e-05
            ]
        ]
    ],
    [
        [
            0.5077725249876827,
            -0.8352356430879166
        ],
        [
            [
                0.00021953607896396665,
                0.8355798858693992,
                0.1642005780516368
            ],
            [
                0.8355798858693992,
                0.00046901900151974374,
                0.16395109512908101
            ],
            [
                0.1642005780516368,
                0.16395109512908101,
                0.6718483268192822
            ]
        ]
    ],
    [
        [
            0.5315701720605263,
            -0.8437390276297041
        ],
        [
            [
                6.241406972840036e-05,
                0.8437978758064485,
                0.1561397101238231
            ],
            [
                0.8437978758064485,
                5.528233923457471e-05,
                0.15614684185431693
            ],
            [
                0.1561397101238231,
                0.15614684185431693,
                0.68771344802186
            ]
        ]
    ],
    [
        [
            0.5542000538477008,
            -0.8512587388475168
        ],
        [
            [
                3.348590090412884e-05,
                0.14863713766515668,
                0.8513293764339392
            ],
            [
                0.14863713766515668,
                0.7028000339340315,
                0.14856282840081186
            ],
            [
                0.8513293764339392,
                0.14856282840081186,
                0.00010779516524883626
            ]
        ]
    ],
    [
        [
            0.5764915291242132,
            -0.8585817972424687
        ],
        [
            [
                0.7176610193970767,
                0.1411731889922495,
                0.14116579161067383
            ],
            [
                0.1411731889922495,
                0.0001206575515462216,
                0.8587061534562043
            ],
            [
                0.14116579161067383,
                0.8587061534562043,
                0.00012805493312195715
            ]
        ]
    ],
    [
        [
            0.5981607038155169,
            -0.8652154013584831
        ],
        [
            [
                0.0004920775734590377,
                0.13387344505933807,
                0.8656344773672029
            ],
            [
                0.13387344505933807,
                0.7321071285957197,
                0.13401942634494224
            ],
            [
                0.8656344773672029,
                0.13401942634494224,
                0.000346096287854869
            ]
        ]
    ],
    [
        [
            0.6220316670604397,
            -0.8738674715212557
        ],
        [
            [
                5.6410975175169575e-05,
                0.8739390132979242,
                0.1260045757269006
            ],
            [
                0.8739390132979242,
                8.667349649260636e-05,
                0.12597431320558317
            ],
            [
                0.1260045757269006,
                0.12597431320558317,
                0.7480211110675162
            ]
        ]
    ],
    [
        [
            0.6431137096473903,
            -0.8806829184344772
        ],
        [
            [
                0.00024867389748872704,
                0.8808604041755183,
                0.11889092192699302
            ],
            [
                0.8808604041755183,
                0.00010631753344925166,
                0.11903327829103244
            ],
            [
                0.11889092192699302,
                0.11903327829103244,
                0.7620757997819745
            ]
        ]
    ],
    [
        [
            0.6667009448763991,
            -0.8886799843538895
        ],
        [
            [
                1.0563370860028343e-05,
                0.11119929973084774,
                0.8887901368982922
            ],
            [
                0.11119929973084774,
                0.777800617159547,
                0.1110000831096053
            ],
            [
                0.8887901368982922,
                0.1110000831096053,
                0.00020977999210247678
            ]
        ]
    ],
    [
        [
            0.6876143201428865,
            -0.895187186793791
        ],
        [
            [
                0.00035567753289189596,
                0.10411500927842243,
                0.8955293131886857
            ],
            [
                0.10411500927842243,
                0.7917428798632338,
                0.10414211085834385
            ],
            [
                0.8955293131886857,
                0.10414211085834385,
                0.00032857595297053344
            ]
        ]
    ],
    [
        [
            0.7097272152874281,
            -0.9030111513841532
        ],
        [
            [
                3.692550682021789e-05,
                0.09683630393517195,
                0.9031267705580078
            ],
            [
                0.09683630393517195,
                0.8064848025096449,
                0.09667889355518311
            ],
            [
                0.9031267705580078,
                0.09667889355518311,
                0.00019433588680906055
            ]
        ]
    ],
    [
        [
            0.7335959222675654,
            -0.910878180059011
        ],
        [
            [
                0.0002281984865840636,
                0.08873339672393188,
                0.9110384047894841
            ],
            [
                0.08873339672393188,
                0.822397275893761,
                0.08886932738230713
            ],
            [
                0.9110384047894841,
                0.08886932738230713,
                9.226782820881407e-05
            ]
        ]
    ],
    [
        [
            0.755707209838403,
            -0.9177947367021041
        ],
        [
            [
                0.0007254458473622272,
                0.9181817666208317,
                0.08109278753180604
            ],
            [
                0.9181817666208317,
                4.902409995521939e-05,
                0.08176920927921305
            ],
            [
                0.08109278753180604,
                0.08176920927921305,
                0.8371380031889809
            ]
        ]
    ],
    [
        [
            0.7803273822520806,
            -0.9266709748727835
        ],
        [
            [
                8.249644745061957e-05,
                0.073194120134703,
                0.9267233834178464
            ],
            [
                0.073194120134703,
                0.853551587107495,
                0.07325429275780204
            ],
            [
                0.9267233834178464,
                0.07325429275780204,
                2.2323824351522248e-05
            ]
        ]
    ],
    [
        [
            0.8028268794052231,
            -0.934201018730545
        ],
        [
            [
                2.6670443394993804e-05,
                0.06573500708731805,
                0.934238322469287
            ],
            [
                0.06573500708731805,
                0.8685512528066264,
                0.06571374010605563
            ],
            [
                0.934238322469287,
                0.06571374010605563,
                4.7937424657362726e-05
            ]
        ]
    ],
    [
        [
            0.8245191358830605,
            -0.9413315703690048
        ],
        [
            [
                3.7689424388087645e-06,
                0.9414189665752442,
                0.05857726448231704
            ],
            [
                0.9414189665752442,
                0.00017104723934502353,
                0.05840998618541088
            ],
            [
                0.05857726448231704,
                0.05840998618541088,
                0.8830127493322721
            ]
        ]
    ],
    [
        [
            0.8483820231575577,
            -0.9493933340988698
        ],
        [
            [
                4.4859165107768995e-05,
                0.050528136731806006,
                0.9494270041030862
            ],
            [
                0.050528136731806006,
                0.8989213486324301,
                0.05055051463576393
            ],
            [
                0.9494270041030862,
                0.05055051463576393,
                2.2481261149787102e-05
            ]
        ]
    ],
    [
        [
            0.870078416350174,
            -0.9562265433845516
        ],
        [
            [
                5.518932502424079e-05,
                0.9564596397358852,
                0.0434851709390906
            ],
            [
                0.9564596397358852,
                0.00041110742190231253,
                0.04312925284221247
            ],
            [
                0.0434851709390906,
                0.04312925284221247,
                0.9133855762186969
            ]
        ]
    ],
    [
        [
            0.893153562311371,
            -0.9640597264562369
        ],
        [
            [
                0.00025195030735736257,
                0.9642221149778353,
                0.03552593471480736
            ],
            [
                0.9642221149778353,
                7.285264237455458e-05,
                0.03570503237979017
            ],
            [
                0.03552593471480736,
                0.03570503237979017,
                0.9287690329054025
            ]
        ]
    ],
    [
        [
            0.9159834265657568,
            -0.9718576227376641
        ],
        [
            [
                6.515616177216188e-05,
                0.9719260491184617,
                0.028008794719766084
            ],
            [
                0.9719260491184617,
                7.169663381234592e-05,
                0.0280022542477259
            ],
            [
                0.028008794719766084,
                0.0280022542477259,
                0.943988951032508
            ]
        ]
    ],
    [
        [
            0.9376284375005186,
            -0.9787831075471416
        ],
        [
            [
                0.9584189345407383,
                0.020941524558995117,
                0.02063954090026654
            ],
            [
                0.020941524558995117,
                6.220587695482394e-05,
                0.9789962695640501
            ],
            [
                0.02063954090026654,
                0.9789962695640501,
                0.0003641895356834013
            ]
        ]
    ],
    [
        [
            0.9574927553434852,
            -0.9852264726649631
        ],
        [
            [
                1.4379667120922868e-05,
                0.9855286102344536,
                0.014457010098425482
            ],
            [
                0.9855286102344536,
                0.0005901514376867034,
                0.013881238327859646
            ],
            [
                0.014457010098425482,
                0.013881238327859646,
                0.9716617515737149
            ]
        ]
    ],
    [
        [
            0.9777118483065456,
            -0.9923199031435432
        ],
        [
            [
                0.00015909805896208162,
                0.007395643473949276,
                0.9924452584670886
            ],
            [
                0.007395643473949276,
                0.9851412310485902,
                0.0074631254774605305
            ],
            [
                0.9924452584670886,
                0.0074631254774605305,
                9.161605545082718e-05
            ]
        ]
    ],
    [
        [
            0.998567165034995,
            -0.9990697859462879
        ],
        [
            [
                0.00020100077842233333,
                0.9992960865047584,
                0.0005029127168191816
            ],
            [
                0.9992960865047584,
                0.00025160226117248996,
                0.00045231123406902496
            ],
            [
                0.0005029127168191816,
                0.00045231123406902496,
                0.9990447760491118
            ]
        ]
    ],
    [
        [
            0.9993626257279705,
            -0.9995982189579535
        ],
        [
            [
                0.999575076738185,
                0.00012833801169248593,
                0.00029658525012254966
            ],
            [
                0.00012833801169248593,
                0.00017878863513121068,
                0.9996928733531764
            ],
            [
                0.00029658525012254966,
                0.9996928733531764,
                1.0541396701091443e-05
            ]
        ]
    ],
    [
        [
            0.9993923080512571,
            -0.9996120507099581
        ],
        [
            [
                5.793472621817841e-05,
                0.9997047421547643,
                0.00023732311901752956
            ],
            [
                0.9997047421547643,
                0.0001274517896674432,
                0.00016780605556826478
            ],
            [
                0.00023732311901752956,
                0.00016780605556826478,
                0.9995948708254142
            ]
        ]
    ],
    [
        [
            0.9988906710773476,
            -0.9993253457427266
        ],
        [
            [
                0.9992604470920867,
                0.0003526723421014011,
                0.0003868805658118757
            ],
            [
                0.0003526723421014011,
                0.00016954323312234898,
                0.9994777844247762
            ],
            [
                0.0003868805658118757,
                0.9994777844247762,
                0.0001353350094119854
            ]
        ]
    ],
    [
        [
            0.9991432623512876,
            -0.9993452786206204
        ],
        [
            [
                0.00025235628338227123,
                0.9995298451041945,
                0.00021779861242321452
            ],
            [
                0.9995298451041945,
                0.00011679047775692286,
                0.0003533644180485629
            ],
            [
                0.00021779861242321452,
                0.0003533644180485629,
                0.9994288369695282
            ]
        ]
    ],
    [
        [
            0.9996009655170163,
            -0.9996366220945307
        ],
        [
            [
                0.9997339767623669,
                0.00011723561064747035,
                0.00014878762698566916
            ],
            [
                0.00011723561064747035,
                0.00013095933822848682,
                0.999751805051124
            ],
            [
                0.00014878762698566916,
                0.999751805051124,
                9.9407321890288e-05
            ]
        ]
    ],
    [
        [
            0.9975136542050362,
            -0.9988586977346069
        ],
        [
            [
                0.9983424339426439,
                0.0007819848736780877,
                0.0008755811836780314
            ],
            [
                0.0007819848736780877,
                0.00020305941889264822,
                0.9990149557074293
            ],
            [
                0.0008755811836780314,
                0.9990149557074293,
                0.0001094631088927045
            ]
        ]
    ],
    [
        [
            0.9994780698305763,
            -0.9997296447180988
        ],
        [
            [
                8.401085259590602e-05,
                0.00013815643357312224,
                0.999777832713831
            ],
            [
                0.00013815643357312224,
                0.9996520452700701,
                0.00020979829635675573
            ],
            [
                0.999777832713831,
                0.00020979829635675573,
                1.2368989812161502e-05
            ]
        ]
    ],
    [
        [
            0.9997878242120628,
            -0.9994384967435027
        ],
        [
            [
                0.0002816883982037499,
                3.4427179475993164e-05,
                0.9996838844223203
            ],
            [
                3.4427179475993164e-05,
                0.9998585481566,
                0.00010702466392403798
            ],
            [
                0.9996838844223203,
                0.00010702466392403798,
                0.0002090909137557606
            ]
        ]
    ],
    [
        [
            0.9984074093071332,
            -0.9991719209461073
        ],
        [
            [
                0.0002729200704156831,
                0.00040656670903088665,
                0.9993205132205534
            ],
            [
                0.00040656670903088665,
                0.9989382574010665,
                0.0006551758899026594
            ],
            [
                0.9993205132205534,
                0.0006551758899026594,
                2.4310889543910363e-05
            ]
        ]
    ],
    [
        [
            0.9997570632226294,
            -0.9998046891571898
        ],
        [
            [
                4.1189915692241286e-05,
                0.9998618548604057,
                9.695522390207323e-05
            ],
            [
                0.9998618548604057,
                7.314225662202745e-05,
                6.500288297234258e-05
            ],
            [
                9.695522390207323e-05,
                6.500288297234258e-05,
                0.9998380418931256
            ]
        ]
    ],
    [
        [
            0.9992164731412152,
            -0.9995447513632556
        ],
        [
            [
                0.9994776480659034,
                0.00028752888659028253,
                0.0002348230475062718
            ],
            [
                0.00028752888659028253,
                7.06839364861267e-05,
                0.9996417871769236
            ],
            [
                0.0002348230475062718,
                0.9996417871769236,
                0.00012338977557013742
            ]
        ]
    ],
    [
        [
            0.9983884441435334,
            -0.9992437069058654
        ],
        [
            [
                0.9989256272302729,
                0.0005840494422991171,
                0.0004903233274279328
            ],
            [
                0.0005840494422991171,
                6.269194626185026e-05,
                0.999353258611439
            ],
            [
                0.0004903233274279328,
                0.999353258611439,
                0.0001564180611330901
            ]
        ]
    ],
    [
        [
            0.9974106141083641,
            -0.9968498508395662
        ],
        [
            [
                0.9982735964249936,
                0.0012451625356327267,
                0.0004812410393737476
            ],
            [
                0.0012451625356327267,
                0.0007616226737729992,
                0.9979932147905943
            ],
            [
                0.0004812410393737476,
                0.9979932147905943,
                0.0015255441700319228
            ]
        ]
    ],
    [
        [
            0.9998724534519042,
            -0.9839243300203299
        ],
        [
            [
                0.008019576028517328,
                0.9919409072430827,
                3.951672839991316e-05
            ],
