[
    [
        [
            -0.33333189768471383,
            -0.3333335551393541,
            -0.3333336328820132
        ],
        [
            [
                1.0116393167614035e-07,
                0.33333380437539445,
                0.3333330221503313,
                0.33333307231034254
            ],
            [
                0.33333380437539445,
                3.705556490540829e-07,
                0.333332924237014,
                0.3333329008319425
            ],
            [
                0.3333330221503313,
                0.333332924237014,
                2.3466463894283862e-07,
                0.33333381894801584
            ],
            [
                0.33333307231034254,
                0.3333329008319425,
                0.33333381894801584,
                2.0790969912365398e-07
            ]
        ]
    ],
    [
        [
            -0.3266276511836326,
            -0.3266339190153921,
            -0.32663792728841246
        ],
        [
            [
                0.005023978089212178,
                0.33165808283196774,
                0.3316572890879356,
                0.3316606499908844
            ],
            [
                0.33165808283196774,
                0.005027345730504118,
                0.33165985846553425,
                0.33165471297199384
            ],
            [
                0.3316572890879356,
                0.33165985846553425,
                0.005023697051127374,
                0.3316591553954028
            ],
            [
                0.3316606499908844,
                0.33165471297199384,
                0.3316591553954028,
                0.0050254816417188986
            ]
        ]
    ],
    [
        [
            -0.3199254025295012,
            -0.31992961922104146,
            -0.31994397322433193
        ],
        [
            [
                0.01004553358801763,
                0.3299799595509577,
                0.3299898208239414,
                0.3299846860370832
            ],
            [
                0.3299799595509577,
                0.010054740616890268,
                0.3299818189754131,
                0.32998348085673884
            ],
            [
                0.3299898208239414,
                0.3299818189754131,
                0.010048628957342709,
                0.32997973124330277
            ],
            [
                0.3299846860370832,
                0.32998348085673884,
                0.32997973124330277,
                0.010052101862875196
            ]
        ]
    ],
    [
        [
            -0.3132155725701707,
            -0.31323381891537894,
            -0.31324910097676145
        ],
        [
            [
                0.015080432227446816,
                0.3283063402357026,
                0.32830107811034664,
                0.3283121494265039
            ],
            [
                0.3283063402357026,
                0.015065253411570723,
                0.32831545677316476,
                0.328312949579562
            ],
            [
                0.32830107811034664,
                0.32831545677316476,
                0.015082193010612865,
                0.32830127210587573
            ],
            [
                0.3283121494265039,
                0.328312949579562,
                0.32830127210587573,
                0.01507362888805841
            ]
        ]
    ],
    [
        [
            -0.30652198754582877,
            -0.30653145266507714,
            -0.3065445497388434
        ],
        [
            [
                0.020101232093653332,
                0.3266297235142414,
                0.32663417888244156,
                0.3266348655096637
            ],
            [
                0.3266297235142414,
                0.020098910178772522,
                0.32664094837296115,
                0.3266304179340249
            ],
            [
                0.32663417888244156,
                0.32664094837296115,
                0.02009601198305533,
                0.3266288607615419
            ],
            [
                0.3266348655096637,
                0.3266304179340249,
                0.3266288607615419,
                0.020105855794769534
            ]
        ]
    ],
    [
        [
            -0.2998245012215122,
            -0.2998288358274543,
            -0.2998441503882188
        ],
        [
            [
                0.025128191118264476,
                0.32495984102413494,
                0.32495735593607855,
                0.324954611921522
            ],
            [
                0.32495984102413494,
                0.02511734114159414,
                0.3249595384016407,
                0.3249632794326302
            ],
            [
                0.32495735593607855,
                0.3249595384016407,
                0.025128988659694373,
                0.32495411700258636
            ],
            [
                0.324954611921522,
                0.3249632794326302,
                0.32495411700258636,
                0.025127991643261516
            ]
        ]
    ],
    [
        [
            -0.2931195671790517,
            -0.2931292870303424,
            -0.29314813071522866
        ],
        [
            [
                0.03015825013702489,
                0.32328422578768534,
                0.32327625850392716,
                0.3232812655713626
            ],
            [
                0.32328422578768534,
                0.030139474376617237,
                0.32328978830110955,
                0.3232865115345878
            ],
            [
                0.32327625850392716,
                0.32328978830110955,
                0.030153510431324304,
                0.323280442763639
            ],
            [
                0.3232812655713626,
                0.3232865115345878,
                0.323280442763639,
                0.030151780130410644
            ]
        ]
    ],
    [
        [
            -0.28642127547049845,
            -0.28643741577446963,
            -0.28643779116709206
        ],
        [
            [
                0.035172336099057455,
                0.3216092479637153,
                0.32161097058246496,
                0.3216074453547623
            ],
            [
                0.3216092479637153,
                0.03517171550501641,
                0.3216090195060694,
                0.3216100170251989
            ],
            [
                0.32161097058246496,
                0.3216090195060694,
                0.03517846913764666,
                0.32160154077381903
            ],
            [
                0.3216074453547623,
                0.3216100170251989,
                0.32160154077381903,
                0.03518099684621978
            ]
        ]
    ],
    [
        [
            -0.2797223629282203,
            -0.27972932858519833,
            -0.27974428838607823
        ],
        [
            [
                0.0402056896552081,
                0.3199293179540669,
                0.3199339621803941,
                0.31993103021033087
            ],
            [
                0.3199293179540669,
                0.040206165787149195,
                0.31992931313060163,
                0.31993520312818224
            ],
            [
                0.3199339621803941,
                0.31992931313060163,
                0.04019756134283137,
                0.31993916334617284
            ],
            [
                0.31993103021033087,
                0.31993520312818224,
                0.31993916334617284,
                0.04019460331531399
            ]
        ]
    ],
    [
        [
            -0.27302073208280314,
            -0.2730339461203251,
            -0.27304079918380736
        ],
        [
            [
                0.0452259057548412,
                0.31825495867877085,
                0.31826199790859094,
                0.3182571376577969
            ],
            [
                0.31825495867877085,
                0.045224529953833636,
                0.318255880109214,
                0.31826463125818144
            ],
            [
                0.31826199790859094,
                0.318255880109214,
                0.045228988901281686,
                0.3182531330809134
            ],
            [
                0.3182571376577969,
                0.31826463125818144,
                0.3182531330809134,
                0.045225098003108255
            ]
        ]
    ],
    [
        [
            -0.26632290854538027,
            -0.26632440796250884,
            -0.2663476583664825
        ],
        [
            [
                0.05024527544307822,
                0.31658474883962434,
                0.3165918274147634,
                0.3165781483025341
            ],
            [
                0.31658474883962434,
                0.05025627494727458,
                0.31657775744822214,
                0.3165812187648788
            ],
            [
                0.3165918274147634,
                0.31657775744822214,
                0.050246628469851506,
                0.3165837866671631
            ],
            [
                0.3165781483025341,
                0.3165812187648788,
                0.3165837866671631,
                0.05025684626542404
            ]
        ]
    ],
    [
        [
            -0.2596225259685961,
            -0.2596337060951047,
            -0.2596382402981083
        ],
        [
            [
                0.055271604144958464,
                0.3149084766559777,
                0.31491070920878383,
                0.31490920999028005
            ],
            [
                0.3149084766559777,
                0.055275556530515635,
                0.31490588755994725,
                0.31491007925355946
            ],
            [
                0.31491070920878383,
                0.31490588755994725,
                0.05528052971891273,
                0.3149028735123563
            ],
            [
                0.31490920999028005,
                0.31491007925355946,
                0.3149028735123563,
                0.055277837243804306
            ]
        ]
    ],
    [
        [
            -0.252925142385405,
            -0.25292935252957477,
            -0.2529394749342666
        ],
        [
            [
                0.06029753574387087,
                0.31323549245192667,
                0.31323020638410654,
                0.31323676542009593
            ],
            [
                0.31323549245192667,
                0.06030130837459535,
                0.3132328546721418,
                0.31323034450133624
            ],
            [
                0.31323020638410654,
                0.3132328546721418,
                0.06030561744873575,
                0.3132313214950159
            ],
            [
                0.31323676542009593,
                0.31323034450133624,
                0.3132313214950159,
                0.06030156858355196
            ]
        ]
    ],
    [
        [
            -0.24622488345691143,
            -0.24622663398307948,
            -0.24624194989669249
        ],
        [
            [
                0.06532280306768823,
                0.31155743658660545,
                0.31155518094605195,
                0.3115645793996545
            ],
            [
                0.31155743658660545,
                0.06533030200062406,
                0.3115572658037292,
                0.3115549956090412
            ],
            [
                0.31155518094605195,
                0.3115572658037292,
                0.06533027792695956,
                0.3115572753232593
            ],
            [
                0.3115645793996545,
                0.3115549956090412,
                0.3115572753232593,
                0.06532314966804498
            ]
        ]
    ],
    [
        [
            -0.23952242722836678,
            -0.23953499554816227,
            -0.23953554204759184
        ],
        [
            [
                0.07035487055253786,
                0.30988512203275526,
                0.309882240490625,
                0.3098777669240819
            ],
            [
                0.30988512203275526,
                0.07034906155672571,
                0.3098834081011311,
                0.309882408309388
            ],
            [
                0.309882240490625,
                0.3098834081011311,
                0.07034881485416489,
                0.3098855365540791
            ],
            [
                0.3098777669240819,
                0.309882408309388,
                0.3098855365540791,
                0.07035428821245104
            ]
        ]
    ],
    [
        [
            -0.23282125670502601,
            -0.23282974477084573,
            -0.2328414608356862
        ],
        [
            [
                0.07537893550969077,
                0.30820464572112666,
                0.3082092838668756,
                0.30820713490230695
            ],
            [
                0.30820464572112666,
                0.07537671807952395,
                0.30820378357372485,
                0.3082148526256245
            ],
            [
                0.3082092838668756,
                0.30820378357372485,
                0.0753804020932789,
                0.3082065304661205
            ],
            [
                0.30820713490230695,
                0.3082148526256245,
                0.3082065304661205,
                0.07537148200594812
            ]
        ]
    ],
    [
        [
            -0.2261184586382827,
            -0.22613582192241888,
            -0.22613767923829373
        ],
        [
            [
                0.08040048687719314,
                0.3065381474633102,
                0.3065297446588022,
                0.3065316210006944
            ],
            [
                0.3065381474633102,
                0.08040417068311789,
                0.3065283714921136,
                0.30652931036145825
            ],
            [
                0.3065297446588022,
                0.3065283714921136,
                0.08040309892596531,
                0.3065387849231189
            ],
            [
                0.3065316210006944,
                0.30652931036145825,
                0.3065387849231189,
                0.0804002837147284
            ]
        ]
    ],
    [
        [
            -0.21942506441776263,
            -0.21942951410736486,
            -0.21943687876130435
        ],
        [
            [
                0.08543035762699613,
                0.30485822780026584,
                0.30485630177716366,
                0.30485511279557426
            ],
            [
                0.30485822780026584,
                0.08542657258497399,
                0.3048556518141258,
                0.3048595478006343
            ],
            [
                0.30485630177716366,
                0.3048556518141258,
                0.08542715975325854,
                0.304860886655452
            ],
            [
                0.30485511279557426,
                0.3048595478006343,
                0.304860886655452,
                0.08542445274833943
            ]
        ]
    ],
    [
        [
            -0.212722064481689,
            -0.21273151007555466,
            -0.21273738021662528
        ],
        [
            [
                0.09045475621143706,
                0.3031865833373563,
                0.3031787131745382,
                0.3031799472766684
            ],
            [
                0.3031865833373563,
                0.09044847621740204,
                0.30318375092107447,
                0.3031811895241671
            ],
            [
                0.3031787131745382,
                0.30318375092107447,
                0.09045224275125752,
                0.30318529315312986
            ],
            [
                0.3031799472766684,
                0.3031811895241671,
                0.30318529315312986,
                0.09045357004603471
            ]
        ]
    ],
    [
        [
            -0.20602459622983366,
            -0.20602906815049346,
            -0.20603678788097915
        ],
        [
            [
                0.09547702154057247,
                0.3015064189198026,
                0.30151182427032786,
                0.30150473526929705
            ],
            [
                0.3015064189198026,
                0.09547854433557457,
                0.30150696445804487,
                0.301508072286578
            ],
            [
                0.30151182427032786,
                0.30150696445804487,
                0.09547400034502451,
                0.3015072109266029
            ],
            [
                0.30150473526929705,
                0.301508072286578,
                0.3015072109266029,
                0.09547998151752202
            ]
        ]
    ],
    [
        [
            -0.19932582018666903,
            -0.19932900330196818,
            -0.19933512626010616
        ],
        [
            [
                0.10050406481360974,
                0.2998331925525984,
                0.2998322306358882,
                0.2998305119979037
            ],
            [
                0.2998331925525984,
                0.10050367812739269,
                0.2998309818640908,
                0.2998321474559181
            ],
            [
                0.2998322306358882,
                0.2998309818640908,
                0.10050087713204836,
                0.2998359103679726
            ],
            [
                0.2998305119979037,
                0.2998321474559181,
                0.2998359103679726,
                0.10050143017820568
            ]
        ]
    ],
    [
        [
            -0.19262366326164582,
            -0.1926272184569253,
            -0.1926385655176103
        ],
        [
            [
                0.10552479513244184,
                0.29816187095809316,
                0.2981547840963981,
                0.2981585498130669
            ],
            [
                0.29816187095809316,
                0.10552614679212535,
                0.29815894534928017,
                0.29815303690050127
            ],
            [
                0.2981547840963981,
                0.29815894534928017,
                0.10552873405357077,
                0.29815753650075094
            ],
            [
                0.2981585498130669,
                0.29815303690050127,
                0.29815753650075094,
                0.10553087678568085
            ]
        ]
    ],
    [
        [
            -0.1859228642179645,
            -0.1859298806739803,
            -0.1859361998316735
        ],
        [
            [
                0.11054996985781163,
                0.29648043028500976,
                0.2964848609631921,
                0.2964847388939866
            ],
            [
                0.29648043028500976,
                0.11055515784626047,
                0.29647983380473997,
                0.2964845780639898
            ],
            [
                0.2964848609631921,
                0.29647983380473997,
                0.11055527488117689,
                0.29648003035089093
            ],
            [
                0.2964847388939866,
                0.2964845780639898,
                0.29648003035089093,
                0.11055065269113262
            ]
        ]
    ],
    [
        [
            -0.17922432201087748,
            -0.17922813842051408,
            -0.17923598177966393
        ],
        [
            [
                0.11557655782779719,
                0.29481131947801364,
                0.2948071803890626,
                0.2948049423051265
            ],
            [
                0.29481131947801364,
                0.115576363473754,
                0.2948045263937935,
                0.29480779065443885
            ],
            [
                0.2948071803890626,
                0.2948045263937935,
                0.11557983133205119,
                0.2948084618850927
            ],
            [
                0.2948049423051265,
                0.29480779065443885,
                0.2948084618850927,
                0.11557880515534202
            ]
        ]
    ],
    [
        [
            -0.17252063849797064,
            -0.17253186706674778,
            -0.17253543413377403
        ],
        [
            [
                0.12060374935404894,
                0.2931304475392997,
                0.2931297939049945,
                0.29313600920165694
            ],
            [
                0.2931304475392997,
                0.12060062529685234,
                0.29313668791132375,
                0.29313223925252413
            ],
            [
                0.2931297939049945,
                0.29313668791132375,
                0.12060472614423445,
                0.2931287920394473
            ],
            [
                0.29313600920165694,
                0.29313223925252413,
                0.2931287920394473,
                0.12060295950637168
            ]
        ]
    ],
    [
        [
            -0.16582080349483982,
            -0.1658318985375954,
            -0.16583473515349464
        ],
        [
            [
                0.1256242256722624,
                0.291458335187601,
                0.2914599813298199,
                0.2914574578103167
            ],
            [
                0.291458335187601,
                0.12562600600050233,
                0.2914575522196427,
                0.29145810659225385
            ],
            [
                0.2914599813298199,
                0.2914575522196427,
                0.1256301809972068,
                0.2914522854533307
            ],
            [
                0.2914574578103167,
                0.29145810659225385,
                0.2914522854533307,
                0.1256321501440988
            ]
        ]
    ],
    [
        [
            -0.15911891503148176,
            -0.15913157685119167,
            -0.15913644279069342
        ],
        [
            [
                0.1306561312233009,
                0.28977948589336733,
                0.28978617351017044,
                0.28977820937316134
            ],
            [
                0.28977948589336733,
                0.13065318982352636,
                0.2897796330017938,
                0.2897876912813124
            ],
            [
                0.28978617351017044,
                0.2897796330017938,
                0.1306519192111577,
                0.2897822742768781
            ],
            [
                0.28977820937316134,
                0.2897876912813124,
                0.2897822742768781,
                0.13065182506864814
            ]
        ]
    ],
    [
        [
            -0.15241748856655643,
            -0.15243170528921263,
            -0.15243723830503472
        ],
        [
            [
                0.1356762963146182,
                0.28810867717175664,
                0.288108551250054,
                0.28810647526357114
            ],
            [
                0.28810867717175664,
                0.13568144921423608,
                0.288109599247545,
                0.28810027436646235
            ],
            [
                0.288108551250054,
                0.288109599247545,
                0.13567221072138813,
                0.28810963878101287
            ],
            [
                0.28810647526357114,
                0.28810027436646235,
                0.28810963878101287,
                0.1356836115889537
            ]
        ]
    ],
    [
        [
            -0.14572222203145022,
            -0.1457269569891484,
            -0.14573675062764269
        ],
        [
            [
                0.1407031019158933,
                0.28643360140158697,
                0.28643416140452455,
                0.28642913527799524
            ],
            [
                0.28643360140158697,
                0.14070653316385662,
                0.2864281146923297,
                0.2864317507422267
            ],
            [
                0.28643416140452455,
                0.2864281146923297,
                0.1407015225976883,
                0.28643620130545744
            ],
            [
                0.28642913527799524,
                0.2864317507422267,
                0.28643620130545744,
                0.14070291267432056
            ]
        ]
    ],
    [
        [
            -0.1390198404109191,
            -0.13903022198189474,
            -0.13903536474286426
        ],
        [
            [
                0.14572797855637765,
                0.28476196345749566,
                0.28475624720279336,
                0.28475381078333345
            ],
            [
                0.28476196345749566,
                0.1457259526247725,
                0.28475788556569664,
                0.28475419835203525
            ],
            [
                0.28475624720279336,
                0.28475788556569664,
                0.14572725902502515,
                0.2847586082064848
            ],
            [
                0.28475381078333345,
                0.28475419835203525,
                0.2847586082064848,
                0.1457333826581465
            ]
        ]
    ],
    [
        [
            -0.13232091678867114,
            -0.13233001064921587,
            -0.13233399718522823
        ],
        [
            [
                0.1507516072884253,
                0.2830858097199663,
                0.28308273987249666,
                0.28307984311911183
            ],
            [
                0.2830858097199663,
                0.1507549564403603,
                0.2830797648206312,
                0.2830794690190423
            ],
            [
                0.28308273987249666,
                0.2830797648206312,
                0.1507526595465628,
                0.2830848357603094
            ],
            [
                0.28307984311911183,
                0.2830794690190423,
                0.2830848357603094,
                0.15075585210153652
            ]
        ]
    ],
    [
        [
            -0.12561977871600893,
            -0.12563022362345636,
            -0.12563441977108772
        ],
        [
            [
                0.1557838833506463,
                0.2814081611782657,
                0.2814040263745179,
                0.2814039290965701
            ],
            [
                0.2814081611782657,
                0.1557769537914342,
                0.2814083332607881,
                0.28140655176951196
            ],
            [
                0.2814040263745179,
                0.2814083332607881,
                0.15577643098907112,
                0.2814112093756228
            ],
            [
                0.2814039290965701,
                0.28140655176951196,
                0.2814112093756228,
                0.1557783097582951
            ]
        ]
    ],
    [
        [
            -0.11892200515645375,
            -0.11892764873676022,
            -0.11893426570477546
        ],
        [
            [
                0.16080091026019105,
                0.2797351008917098,
                0.27973119626276555,
                0.27973279258533373
            ],
            [
                0.2797351008917098,
                0.16080323981451872,
                0.27973326053122877,
                0.2797283987625427
            ],
            [
                0.27973119626276555,
                0.27973326053122877,
                0.16080433244059145,
                0.27973121076541424
            ],
            [
                0.27973279258533373,
                0.2797283987625427,
                0.27973121076541424,
                0.1608075978867094
            ]
        ]
    ],
    [
        [
            -0.11222045446747385,
            -0.1122283248421989,
            -0.11223463777575433
        ],
        [
            [
                0.16583172573730476,
                0.27805976486543654,
                0.27805469042101627,
                0.27805381897624254
            ],
            [
                0.27805976486543654,
                0.16582690254210952,
                0.278054557383324,
                0.27805877520912997
            ],
            [
                0.27805469042101627,
                0.278054557383324,
                0.1658306505080953,
                0.2780601016875643
            ],
            [
                0.27805381897624254,
                0.27805877520912997,
                0.2780601016875643,
                0.16582730412706326
            ]
        ]
    ],
    [
        [
            -0.1055191137326036,
            -0.10552780137299028,
            -0.1055359994672705
        ],
        [
            [
                0.17086007679278392,
                0.2763822530193338,
                0.27637899267411503,
                0.27637867751376727
            ],
            [
                0.2763822530193338,
                0.1708498191653336,
                0.2763817764916431,
                0.27638615132368954
            ],
            [
                0.27637899267411503,
                0.2763817764916431,
                0.1708556245703584,
                0.2763836062638835
            ],
            [
                0.27637867751376727,
                0.27638615132368954,
                0.2763836062638835,
                0.1708515648986597
            ]
        ]
    ],
    [
        [
            -0.09882092269719557,
            -0.09882710992921873,
            -0.09883437943388719
        ],
        [
            [
                0.1758826990587341,
                0.27470906610559775,
                0.27470499090469264,
                0.27470324393097556
            ],
            [
                0.27470906610559775,
                0.17587506973636247,
                0.27470639546636066,
                0.27470946869167906
            ],
            [
                0.27470499090469264,
                0.27470639546636066,
                0.17588057269810164,
                0.27470804093084505
            ],
            [
                0.27470324393097556,
                0.27470946869167906,
                0.27470804093084505,
                0.17587924644650021
            ]
        ]
    ],
    [
        [
            -0.09211848077204762,
            -0.09213071244928457,
            -0.09213271632640681
        ],
        [
            [
                0.18090108265806037,
                0.27303337984517184,
                0.27303424723261693,
                0.2730312902641508
            ],
            [
                0.27303337984517184,
                0.18090140836302693,
                0.2730313751455685,
                0.27303383664623265
            ],
            [
                0.27303424723261693,
                0.2730313751455685,
                0.18090755198168584,
                0.27302682564012876
            ],
            [
                0.2730312902641508,
                0.27303383664623265,
                0.27302682564012876,
                0.18090804744948774
            ]
        ]
    ],
    [
        [
            -0.08541781794505773,
            -0.08542976110011906,
            -0.08543382798999963
        ],
        [
            [
                0.18592919968613209,
                0.2713611271250244,
                0.27135311998320893,
                0.27135655320563457
            ],
            [
                0.2713611271250244,
                0.1859268070709046,
                0.27135366888110457,
                0.2713583969229665
            ],
            [
                0.27135311998320893,
                0.27135366888110457,
                0.1859353737360372,
                0.2713578373996492
            ],
            [
                0.27135655320563457,
                0.2713583969229665,
                0.2713578373996492,
                0.1859272124717497
            ]
        ]
    ],
    [
        [
            -0.0787237573457544,
            -0.07872436852109371,
            -0.07873277865576475
        ],
        [
            [
                0.19095502683142862,
                0.2696788853832013,
                0.269683094661871,
                0.2696829931234991
            ],
            [
                0.2696788853832013,
                0.19095445405459177,
                0.26968306740862974,
                0.2696835931535773
            ],
            [
                0.269683094661871,
                0.26968306740862974,
                0.19095501939897108,
                0.2696788185305281
            ],
            [
                0.2696829931234991,
                0.2696835931535773,
                0.2696788185305281,
                0.19095459519239544
            ]
        ]
    ],
    [
        [
            -0.07202026254205987,
            -0.07202809844887616,
            -0.0720320410191144
        ],
        [
            [
                0.19598018994770583,
                0.2680090343973623,
                0.2680042423197422,
                0.26800653333518976
            ],
            [
                0.2680090343973623,
                0.19598112961451908,
                0.26800473253159224,
                0.26800510345652634
            ],
            [
                0.2680042423197422,
                0.26800473253159224,
                0.1959804701840533,
                0.2680105549646124
            ],
            [
                0.26800653333518976,
                0.26800510345652634,
                0.2680105549646124,
                0.19597780824367161
            ]
        ]
    ],
    [
        [
            -0.0653207339106618,
            -0.06532697973445144,
            -0.06533218585237392
        ],
        [
            [
                0.20100617502338114,
                0.26633353655690867,
                0.26632944538388675,
                0.2663308430358235
            ],
            [
                0.26633353655690867,
                0.20100601523685713,
                0.2663310063616648,
                0.26632944184456936
            ],
            [
                0.26632944538388675,
                0.2663310063616648,
                0.20100387168855793,
                0.2663356765658905
            ],
            [
                0.2663308430358235,
                0.26632944184456936,
                0.2663356765658905,
                0.20100403855371662
            ]
        ]
    ],
    [
        [
            -0.05862252499483767,
            -0.05862333511896901,
            -0.05863353687111765
        ],
        [
            [
                0.20603262298808356,
                0.26465556149255376,
                0.26465435194741255,
                0.26465746357195014
            ],
            [
                0.26465556149255376,
                0.20603249616275987,
                0.2646555780166279,
                0.2646563643280585
            ],
            [
                0.26465435194741255,
                0.2646555780166279,
                0.20602969090010026,
                0.2646603791358593
            ],
            [
                0.26465746357195014,
                0.2646563643280585,
                0.2646603791358593,
                0.20602579296413204
            ]
        ]
    ],
    [
        [
            -0.05191568119485968,
            -0.05192826516611015,
            -0.05193494811139197
        ],
        [
            [
                0.21105182017088642,
                0.26298024800671166,
                0.26297970451040054,
                0.2629882273120015
            ],
            [
                0.26298024800671166,
                0.21105696902315696,
                0.262985141788314,
                0.26297764118181743
            ],
            [
                0.26297970451040054,
                0.262985141788314,
                0.21105666926434963,
                0.2629784844369358
            ],
            [
                0.2629882273120015,
                0.26297764118181743,
                0.2629784844369358,
                0.2110556470692453
            ]
        ]
    ],
    [
        [
            -0.04521408584690582,
            -0.045229838128230684,
            -0.045234467984662276
        ],
        [
            [
                0.2160854368389553,
                0.2613004282777886,
                0.26131087027923827,
                0.2613032646040178
            ],
            [
                0.2613004282777886,
                0.21608265605030275,
                0.2613068009362824,
                0.26131011473562626
            ],
            [
                0.26131087027923827,
                0.2613068009362824,
                0.21607461163753328,
                0.2613077171469461
            ],
            [
                0.2613032646040178,
                0.26131011473562626,
                0.2613077171469461,
                0.21607890351340975
            ]
        ]
    ],
    [
        [
            -0.03852177691744373,
            -0.03852347567538682,
            -0.03853263685440574
        ],
        [
            [
                0.22110553339340644,
                0.25962817328944304,
                0.2596327404693522,
                0.2596335528477983
            ],
            [
                0.25962817328944304,
                0.22110548359405435,
                0.25963361408001384,
                0.2596327290364887
            ],
            [
                0.2596327404693522,
                0.25963361408001384,
                0.22110551045011184,
                0.259628135000522
            ],
            [
                0.2596335528477983,
                0.2596327290364887,
                0.259628135000522,
                0.2211055831151909
            ]
        ]
    ],
    [
        [
            -0.031822084155220406,
            -0.031823399500769414,
            -0.03183190327868314
        ],
        [
            [
                0.22612856853613839,
                0.2579542169911947,
                0.257958864898883,
                0.25795834957378394
            ],
            [
                0.2579542169911947,
                0.2261318373761423,
                0.2579572935551794,
                0.2579566520774836
            ],
            [
                0.257958864898883,
                0.2579572935551794,
                0.22613052517512577,
                0.25795331637081187
            ],
            [
                0.25795834957378394,
                0.2579566520774836,
                0.25795331637081187,
                0.22613168197792066
            ]
        ]
    ],
    [
        [
            -0.025123452357763004,
            -0.025125626149124735,
            -0.025127805915222165
        ],
        [
            [
                0.23115665562651677,
                0.2562812084053228,
                0.25628179275574897,
                0.2562803432124114
            ],
            [
                0.2562812084053228,
                0.23115492684947925,
                0.25628245203811584,
                0.2562814127070821
            ],
            [
                0.25628179275574897,
                0.25628245203811584,
                0.23115452211376142,
                0.2562812330923739
            ],
            [
                0.2562803432124114,
                0.2562814127070821,
                0.2562812330923739,
                0.23115701098813268
            ]
        ]
    ],
    [
        [
