[
    [
        [
            -1.379776288067117e-06,
            -1.9999995277726446,
            -2.9999984032134175
        ],
        [
            [
                -0.9999984849108361,
                5.968018011408948e-07,
                0.9999980288415172,
                0.9999998592675178
            ],
            [
                5.968018011408948e-07,
                -1.171337028260666e-06,
                1.000000177629972,
                3.9690525508121497e-07
            ],
            [
                0.9999980288415172,
                1.000000177629972,
                -1.999998802406603,
                1.0000005959351137
            ],
            [
                0.9999998592675178,
                3.9690525508121497e-07,
                1.0000005959351137,
                -1.0000008521078865
            ]
        ]
    ],
    [
        [
            -1.3961295834784842e-06,
            -2.000002822296755,
            -3.000003531163627
        ],
        [
            [
                -1.0000021529442416,
                3.496197569217922e-07,
                1.0000009262386558,
                1.0000008770858289
            ],
            [
                3.496197569217922e-07,
                -1.210795491646266e-06,
                1.0000008614590548,
                -2.833200368356888e-10
            ],
            [
                1.0000009262386558,
                1.0000008614590548,
                -2.0000026483727176,
                1.0000008606750068
            ],
            [
                1.0000008770858289,
                -2.833200368356888e-10,
                1.0000008606750068,
                -1.0000017374775156
            ]
        ]
    ],
    [
        [
            0.5354771652803146,
            -0.4669924597932728,
            -2.1375195853723907
        ],
        [
            [
                -1.0000020669519234,
                1.5948968162234194e-07,
                1.0000009620645325,
                1.0000009453977092
            ],
            [
                1.5948968162234194e-07,
                0.46548472192284374,
                0.5345149325455684,
                1.86041906353877e-07
            ],
            [
                1.0000009620645325,
                0.5345149325455684,
                -0.5345161490133763,
                2.544032752536313e-07
            ],
            [
                1.0000009453977092,
                1.86041906353877e-07,
                2.544032752536313e-07,
                -1.3858428908886111e-06
            ]
        ]
    ],
    [
        [
            0.9999999999999997,
            0.06531004775900323,
            -1.8040729585933284
        ],
        [
            [
                -0.8693816680088184,
                7.034761633863813e-08,
                0.9352933113748471,
                0.9340882862863551
            ],
            [
                7.034761633863813e-08,
                1.000000332686272,
                -5.183432090737396e-07,
                1.1530932060043159e-07
            ],
            [
                0.9352933113748471,
                -5.183432090737396e-07,
                0.06470723831713221,
                -3.134877027499736e-08
            ],
            [
                0.9340882862863551,
                1.1530932060043159e-07,
                -3.134877027499736e-08,
                0.0659116297530945
            ]
        ]
    ],
    [
        [
            0.999999747192304,
            0.999997825140697,
            -0.5847759039327002
        ],
        [
            [
                0.9999985117553689,
                1.3088383568088338e-06,
                8.947301662847399e-08,
                8.993325767162653e-08
            ],
            [
                1.3088383568088338e-06,
                0.20761105507226996,
                0.7923875773324625,
                5.875691076609693e-08
            ],
            [
                8.947301662847399e-08,
                0.7923875773324625,
                0.207612291728676,
                4.146584489578337e-08
            ],
            [
                8.993325767162653e-08,
                5.875691076609693e-08,
                4.146584489578337e-08,
                0.9999998098439866
            ]
        ]
    ],
    [
        [
            0.9999974412558861,
            0.6348245613267346,
            -0.09854336109529471
        ],
        [
            [
                0.26813907107935875,
                2.2761379504223835e-06,
                0.3523604563533617,
                0.37949819642932914
            ],
            [
                2.2761379504223835e-06,
                0.9999980809379316,
                9.50115886166322e-08,
                -4.5208747063560606e-07
            ],
            [
                0.3523604563533617,
                9.50115886166322e-08,
                0.6476393412234717,
                1.0741157803985056e-07
            ],
            [
                0.37949819642932914,
                -4.5208747063560606e-07,
                1.0741157803985056e-07,
                0.6205021482465635
            ]
        ]
    ],
    [
        [
            0.999997597532317,
            0.8251016059542755,
            0.4160093640526197
        ],
        [
            [
                0.6205558679503302,
                6.654722803774896e-07,
                0.23386144865469863,
                0.14558201792269082
            ],
            [
                6.654722803774896e-07,
                0.9999981981491814,
                4.969061517990818e-07,
                6.394723863339268e-07
            ],
            [
                0.23386144865469863,
                4.969061517990818e-07,
                0.7661376066369637,
                4.478021858630164e-07
            ],
            [
                0.14558201792269082,
                6.394723863339268e-07,
                4.478021858630164e-07,
                0.854416894802737
            ]
        ]
    ],
    [
        [
            0.9999999996257299,
            0.9999978407706742,
            0.9999933404562812
        ],
        [
            [
                0.9999955950547432,
                5.367082707441402e-11,
                1.9243995803866772e-06,
                2.4804920055461443e-06
            ],
            [
                5.367082707441402e-11,
                0.9999999997192934,
                1.7336386185492007e-10,
                5.367191060053797e-11
            ],
            [
                1.9243995803866772e-06,
                1.7336386185492007e-10,
                0.9999980710256908,
                4.401364892811397e-09
            ],
            [
                2.4804920055461443e-06,
                5.367191060053797e-11,
                4.401364892811397e-09,
                0.9999975150529576
            ]
        ]
    ],
    [
        [
            -0.7020464354429787,
            -2.4403539575266744,
            -2.999087200124203
        ],
        [
            [
                -1.5714285699275283,
                0.5714285706548631,
                0.9999999997620083,
                0.9999999995106572
            ],
            [
                0.5714285706548631,
                -0.5707437976580969,
                0.9993152269567989,
                4.64351760922095e-11
            ],
            [
                0.9999999997620083,
                0.9993152269567989,
                -1.9993152263349723,
                0.9999999996161653
            ],
            [
                0.9999999995106572,
                4.64351760922095e-11,
                0.9999999996161653,
                -0.9999999991732578
            ]
        ]
    ],
    [
        [
            -0.7024624956630166,
            -2.440394647035486,
            -2.9999999999576032
        ],
        [
            [
                -1.0000000000227809,
                5.263314116651326e-11,
                0.9999999999849013,
                0.9999999999852464
            ],
            [
                5.263314116651326e-11,
                -0.5714285713703549,
                0.999999999995751,
                0.5714285713219707
            ],
            [
                0.9999999999849013,
                0.999999999995751,
                -1.9999999999682032,
                0.9999999999875507
            ],
            [
                0.9999999999852464,
                0.5714285713219707,
                0.9999999999875507,
                -1.571428571294768
            ]
        ]
    ],
    [
        [
            -0.5320079069129218,
            -1.6103622787012268,
            -2.9999999999824
        ],
        [
            [
                -0.4997565214400572,
                2.2356323003499153e-11,
                0.999999999993485,
                0.49975652142421584
            ],
            [
                2.2356323003499153e-11,
                -0.5714285713807681,
                0.9999999999935099,
                0.5714285713649018
            ],
            [
                0.999999999993485,
                0.9999999999935099,
                -1.9999999999868,
                0.999999999999805
            ],
            [
                0.49975652142421584,
                0.5714285713649018,
                0.999999999999805,
                -1.0711850927889226
            ]
        ]
    ],
    [
        [
            -0.08675760874009686,
            -0.7998206846516469,
            -2.607742365302368
        ],
        [
            [
                0.020032841211033436,
                0.3042097841590269,
                0.6757553143631128,
                2.060266826873249e-06
            ],
            [
                0.3042097841590269,
                -0.5714125061182254,
                0.9999992127322547,
                0.26720350922694375
            ],
            [
                0.6757553143631128,
                0.9999992127322547,
                -1.6757449756942595,
                0.9999904485988921
            ],
            [
                2.060266826873249e-06,
                0.26720350922694375,
                0.9999904485988921,
                -0.2671960180926627
            ]
        ]
    ],
    [
        [
            0.5638545465304053,
            -0.21560837745886016,
            -1.7813928905574032
        ],
        [
            [
                -0.645163945112035,
                8.624422108405857e-06,
                0.6451596474986072,
                0.9999956731913195
            ],
            [
                8.624422108405857e-06,
                0.4285827270561907,
                3.708458713021017e-06,
                0.5714049400629878
            ],
            [
                0.6451596474986072,
                3.708458713021017e-06,
                0.3548358769334873,
                7.671091925559717e-07
            ],
            [
                0.9999956731913195,
                0.5714049400629878,
                7.671091925559717e-07,
                -0.5714013803635001
            ]
        ]
    ],
    [
        [
            0.9906056610313045,
            0.1046758533834447,
            -1.7083589596036821
        ],
        [
            [
                0.035476555141794264,
                2.6773315680999905e-05,
                0.9608485763011051,
                0.003648095241419668
            ],
            [
                2.6773315680999905e-05,
                0.16129972207859,
                0.8386095615092819,
                6.394309644710702e-05
            ],
            [
                0.9608485763011051,
                0.8386095615092819,
                -0.8027999109409185,
                0.0033417731305313255
            ],
            [
                0.003648095241419668,
                6.394309644710702e-05,
                0.0033417731305313255,
                0.9929461885316019
            ]
        ]
    ],
    [
        [
            0.9974365553487666,
            0.42732098963468057,
            -0.8273585204267002
        ],
        [
            [
                0.712815475461511,
                0.28569862544097074,
                0.0006674006232811481,
                0.0008184984742371278
            ],
            [
                0.28569862544097074,
                0.7132234497031502,
                0.0010756910595000493,
                2.233796378940136e-06
            ],
            [
                0.0006674006232811481,
                0.0010756910595000493,
                0.08521886998996031,
                0.9130380383272585
            ],
            [
                0.0008184984742371278,
                2.233796378940136e-06,
                0.9130380383272585,
                0.08614122940212543
            ]
        ]
    ],
    [
        [
            0.9930221379589088,
            0.8511318090181744,
            0.56719319000889
        ],
        [
            [
                0.8521495010003515,
                0.14439568710246076,
                0.0017148713963440454,
                0.0017399405008437128
            ],
            [
                0.14439568710246076,
                0.7108479497452885,
                0.001798966310191566,
                0.14295739684205913
            ],
            [
                0.0017148713963440454,
                0.001798966310191566,
                0.9947665929383508,
                0.0017195693551135898
            ],
            [
                0.0017399405008437128,
                0.14295739684205913,
                0.0017195693551135898,
                0.8535830933019836
            ]
        ]
    ],
    [
        [
            -0.20606159628113743,
            -2.0795571420126233,
            -2.9998090270388644
        ],
        [
            [
                -1.000000122518534,
                1.2657981090431134e-07,
                0.999999999786982,
                0.9999999961517413
            ],
            [
                1.2657981090431134e-07,
                -0.14285712793845762,
                0.9999999987829643,
                0.1428570025756824
            ],
            [
                0.999999999786982,
                0.9999999987829643,
                -1.9998567573590784,
                0.9998567587891324
            ],
            [
                0.9999999961517413,
                0.1428570025756824,
                0.9998567587891324,
                -1.1427137575165562
            ]
        ]
    ],
    [
        [
            0.1805541268067762,
            -1.0157368461570082,
            -2.4854040311751087
        ],
        [
            [
                -1.0157366433181032,
                -0.0005532814563831632,
                1.0081449623864334,
                1.008144962388053
            ],
            [
                -0.0005532814563831632,
                -0.14400344703345924,
                1.008144962387187,
                0.13641176610265532
            ],
            [
                1.0081449623864334,
                1.008144962387187,
                -1.0162899282283453,
                3.454725035832255e-09
            ],
            [
                1.008144962388053,
                0.13641176610265532,
                3.454725035832255e-09,
                -0.14455673194543328
            ]
        ]
    ],
    [
        [
            -3.6979830132610417e-06,
            -0.2857155169290925,
            -2.9999999998933498
        ],
        [
            [
                -0.14285960702476097,
                0.14285714214007228,
                0.9999999999624981,
                2.4649221905893674e-06
            ],
            [
                0.14285714214007228,
                -0.14285714252139203,
                0.9999999999608674,
                4.2045244211782374e-10
            ],
            [
                0.9999999999624981,
                0.9999999999608674,
                -1.9999999999200129,
                0.9999999999966475
            ],
            [
                2.4649221905893674e-06,
                4.2045244211782374e-10,
                0.9999999999966475,
                -2.4653392904916416e-06
            ]
        ]
    ],
    [
        [
            0.08417531131350617,
            -1.40882947555495,
            -2.5956905262776075
        ],
        [
            [
                -0.8307295982836851,
                0.8307442462270002,
                0.9999849905545269,
                3.6150215788950645e-07
            ],
            [
                0.8307442462270002,
                -0.4601895185785829,
                0.6294400623567271,
                5.209994855565587e-06
            ],
            [
                0.9999849905545269,
                0.6294400623567271,
                -1.6294225275355099,
                0.9999974746242559
            ],
            [
                3.6150215788950645e-07,
                5.209994855565587e-06,
                0.9999974746242559,
                -3.0461212694454787e-06
            ]
        ]
    ],
    [
        [
            0.9999682979365495,
            0.2622458560441522,
            -1.4839173346383916
        ],
        [
            [
                -5.0859941824743515e-06,
                1.0250916521604006e-05,
                0.9999936340613453,
                1.2010163155343567e-06
            ],
            [
                1.0250916521604006e-05,
                0.9999762234468774,
                5.321433453144697e-06,
                8.204203147806646e-06
            ],
            [
                0.9999936340613453,
                5.321433453144697e-06,
                -0.6108319341928596,
                0.6108329786980612
            ],
            [
                1.2010163155343567e-06,
                8.204203147806646e-06,
                0.6108329786980612,
                0.38915761608247545
            ]
        ]
    ],
    [
        [
            0.9961063038631246,
            -0.48849851928109067,
            -0.7697190001954983
        ],
        [
            [
                0.11364782457543932,
                0.8838843198058473,
                0.001041246212722331,
                0.0014266094059911475
            ],
            [
                0.8838843198058473,
                0.11468917644174514,
                0.001419859023987109,
                6.64472842047848e-06
            ],
            [
                0.001041246212722331,
                0.001419859023987109,
                0.2542619661335267,
                0.7432769286297639
            ],
            [
                0.0014266094059911475,
                6.64472842047848e-06,
                0.7432769286297639,
                0.25528981723582445
            ]
        ]
    ],
    [
        [
            0.9969451758323059,
            0.3253938776544849,
            -1.1942040892400685
        ],
        [
            [
                0.13703053048657254,
                1.6842229838999672e-06,
                0.0007598617471063895,
                0.8622079235433372
            ],
            [
                1.6842229838999672e-06,
                0.42786189894705995,
                0.0007046309860908096,
                0.5714317858438653
            ],
            [
                0.0007598617471063895,
                0.0007046309860908096,
                0.9977088757335476,
                0.0008266315332552161
            ],
            [
                0.8622079235433372,
                0.5714317858438653,
                0.0008266315332552161,
                -0.4344663409204579
            ]
        ]
    ],
    [
        [
            0.9955701485062761,
            0.7109886843071342,
            0.14180711730821982
        ],
        [
            [
                0.7121826843205514,
                0.28560795118459664,
                0.0011039949208013272,
                0.0011053695740506466
            ],
            [
                0.28560795118459664,
                0.4275003113708652,
                0.001110421927476914,
                0.28578131551706126
            ],
            [
                0.0011039949208013272,
                0.001110421927476914,
                0.9966776113365233,
                0.001107971815198455
            ],
            [
                0.0011053695740506466,
                0.28578131551706126,
                0.001107971815198455,
                0.7120053430936897
            ]
        ]
    ],
    [
        [
            -7.287254757970758e-08,
            -2.000000013167204,
            -2.9999999617389506
        ],
        [
            [
                -0.9999999913795627,
                9.976972254516263e-09,
                0.9999999826058575,
                0.9999999987967331
            ],
            [
                9.976972254516263e-09,
                -4.7733548447226326e-08,
                0.9999999939451432,
                4.381143298848499e-08
            ],
            [
                0.9999999826058575,
                0.9999999939451432,
                -1.9999999713042138,
                0.9999999947532129
            ],
            [
                0.9999999987967331,
                4.381143298848499e-08,
                0.9999999947532129,
                -1.0000000373613789
            ]
        ]
    ],
    [
        [
            0.0005106098141640656,
            -2.019769646210048,
            -3.0299097744487553
        ],
        [
            [
                -1.0122922025412069,
                -0.0026626844565651375,
                1.007477443498886,
                1.007477443498886
            ],
            [
                -0.0026626844565651375,
                -0.0021520745857512846,
                1.0074774434988851,
                -0.002662684456568703
            ],
            [
                1.007477443498886,
                1.0074774434988851,
                -2.0224323308365637,
                1.0074774438387928
            ],
            [
                1.007477443498886,
                -0.002662684456568703,
                1.0074774438387928,
                -1.01229220288111
            ]
        ]
    ],
    [
        [
            0.9999999999999996,
            -1.446502584721402,
            -2.053384655348405
        ],
        [
            [
                -0.7339325946164852,
                0.7157829769865998,
                1.0181496176192062,
                1.067929671433851e-11
            ],
            [
                0.7157829769865998,
                -0.7274954171628771,
                1.0181496176192062,
                -0.006437177442928754
            ],
            [
                1.0181496176192062,
                1.0181496176192062,
                -1.0362992352386309,
                2.1834993891179832e-13
            ],
            [
                1.067929671433851e-11,
                -0.006437177442928754,
                2.1834993891179832e-13,
                1.006437177432031
            ]
        ]
    ],
    [
        [
            0.04619626380049143,
            -1.8448894461873957,
            -2.734857120263457
        ],
        [
            [
                -8.806022870677666e-06,
                1.913544616879011e-05,
                6.981408719743936e-07,
                0.99998897243583
            ],
            [
                1.913544616879011e-05,
                -0.7667994132226505,
                0.9999812619797833,
                0.7667990157966984
            ],
            [
                6.981408719743936e-07,
                0.9999812619797833,
                -0.9999680276464824,
                0.9999860675258271
            ],
            [
                0.99998897243583,
                0.7667990157966984,
                0.9999860675258271,
                -1.7667740557583556
            ]
        ]
    ],
    [
        [
            0.21605360768051077,
            -3.6822770593735154e-07,
            -2.644607942487478
        ],
        [
            [
                -7.1107895858180115e-06,
                6.291725192724783e-06,
                2.4300773569525583e-06,
                0.9999983889870361
            ],
            [
                6.291725192724783e-06,
                0.2857024793660631,
                7.323719344171222e-06,
                0.7142839051894
            ],
            [
                2.4300773569525583e-06,
                7.323719344171222e-06,
                1.1234384290847998e-05,
                0.9999790118190081
            ],
            [
                0.9999983889870361,
                0.7142839051894,
                0.9999790118190081,
                -1.7142613059954441
            ]
        ]
    ],
    [
        [
            0.9940662663253232,
            0.1539763376745395,
            -1.6081802572708277
        ],
        [
            [
                -0.014691110713862532,
                0.9997918407406783,
                0.003484860954699035,
                0.011414409018485169
            ],
            [
                0.9997918407406783,
                -0.7151453736614628,
                0.0009480945380412815,
                0.7144054383827432
            ],
            [
                0.003484860954699035,
                0.0009480945380412815,
                0.9955428615064238,
                2.4183000835841184e-05
            ],
            [
                0.011414409018485169,
                0.7144054383827432,
                2.4183000835841184e-05,
                0.27415596959793587
            ]
        ]
    ],
    [
        [
            0.9960147890334716,
            0.17828370289516943,
            -1.4564131017563835
        ],
        [
            [
                0.17939900821532806,
                0.8184513884474477,
                0.0009847523087509096,
                0.0011648510284732582
            ],
            [
                0.8184513884474477,
                -0.6380228093929827,
                0.0011192790793197324,
                0.8184521418662154
            ],
            [
                0.0009847523087509096,
                0.0011192790793197324,
                0.9970110764282649,
                0.0008848921836644081
            ],
            [
                0.0011648510284732582,
                0.8184521418662154,
                0.0008848921836644081,
                0.1794981149216469
            ]
        ]
    ],
    [
        [
            0.9960123443132125,
            0.5684509106042356,
            -0.2864755278582941
        ],
        [
            [
                0.569476438718544,
                0.4285116057436871,
                0.0009870840841556142,
                0.0010248714536132404
            ],
            [
                0.4285116057436871,
                0.14202690349606262,
                0.000982574844625183,
                0.4284789159156252
            ],
            [
                0.0009870840841556142,
                0.000982574844625183,
                0.9970092566425024,
                0.0010210844287168155
            ],
            [
                0.0010248714536132404,
                0.4284789159156252,
                0.0010210844287168155,
                0.5694751282020447
            ]
        ]
    ],
    [
        [
            -1.5714285290952348,
            -2.99999987063592,
            -2.9999999840985887
        ],
        [
            [
                -1.2857142516940891,
                0.2857142688518595,
                0.999999999990491,
                0.9999999828517386
            ],
            [
                0.2857142688518595,
                -1.2857142687926624,
                0.9999999999898402,
                0.9999999999509627
            ],
            [
                0.999999999990491,
                0.9999999999898402,
                -1.9999999402603095,
                0.9999999402799781
            ],
            [
                0.9999999828517386,
                0.9999999999509627,
                0.9999999402799781,
                -1.9999999230826795
            ]
        ]
    ],
    [
        [
            -1.0092649861008607,
            -3.0200620823254445,
            -3.02637363944509
        ],
        [
            [
                -1.0122822407774414,
                -0.0009045789451037236,
                1.0065934098612728,
                1.0065934098612723
            ],
            [
                -0.0009045789451037236,
                -1.00807012435188,
                1.006593409861272,
                1.0023812934357115
            ],
            [
                1.0065934098612728,
                1.006593409861272,
                -2.0197802295838176,
                1.0065934098612725
            ],
            [
                1.0065934098612723,
                1.0023812934357115,
                1.0065934098612725,
                -2.015568113158256
            ]
        ]
    ],
    [
        [
            -0.9999958787725413,
            -2.999960368997084,
            -2.999975396971487
        ],
        [
            [
                -0.9999878868519101,
                0.999988059123932,
                4.653279115494712e-06,
                0.9999951744488627
            ],
            [
                0.999988059123932,
                -1.9999708036544797,
                0.9999947199010568,
                0.9999880246294911
            ],
            [
                4.653279115494712e-06,
                0.9999947199010568,
                -0.9999945641682717,
                0.9999951909880994
            ],
            [
                0.9999951744488627,
                0.9999880246294911,
                0.9999951909880994,
                -1.999978390066453
            ]
        ]
    ],
    [
        [
            -0.6453796357741568,
            -2.377571303248922,
            -2.9999854803710053
        ],
        [
            [
                -0.5114791182602276,
                0.999995988650813,
                0.5114802262342962,
                2.903375118328844e-06
            ],
            [
                0.999995988650813,
                -1.999989110276851,
                0.9999971495172066,
                0.9999959721088316
            ],
            [
                0.5114802262342962,
                0.9999971495172066,
                -1.5114733455622784,
                0.9999959698107753
            ],
            [
                2.903375118328844e-06,
                0.9999959721088316,
                0.9999959698107753,
                -0.9999948452947254
            ]
        ]
    ],
    [
        [
            0.9903214942165046,
            1.4350421595175906e-05,
            -2.004605465825976
        ],
        [
            [
                -1.007060079488379,
                0.9998968046464,
                0.9999515825962556,
                0.007211692245723702
            ],
            [
                0.9998968046464,
                5.206857259842934e-05,
                1.606086011155503e-05,
                3.506592089006204e-05
            ],
            [
                0.9999515825962556,
                1.606086011155503e-05,
                8.752219075147671e-06,
                2.3604324557729382e-05
            ],
            [
                0.007211692245723702,
                3.506592089006204e-05,
                2.3604324557729382e-05,
                0.9927296375088285
            ]
        ]
    ],
    [
        [
            0.32474307717194295,
            -6.686916838889713e-06,
            -2.5097104132495107
        ],
        [
            [
                -7.838317541697393e-06,
                0.9999985352321351,
                7.38729535139052e-06,
                1.915790055174766e-06
            ],
            [
                0.9999985352321351,
                -1.5924771090959644,
                0.5924793852343957,
                0.9999991886294336
            ],
            [
                7.38729535139052e-06,
                0.5924793852343957,
                0.4075126281544207,
                5.993158321797914e-07
            ],
            [
                1.915790055174766e-06,
                0.9999991886294336,
                5.993158321797914e-07,
                -1.703735320823796e-06
            ]
        ]
    ],
    [
        [
            0.747052449635729,
            -0.6539976445606921,
            -1.1646036829118824
        ],
        [
            [
                0.03576730314518051,
                0.9612678660405881,
                0.0013640795903930281,
                0.0016007512238383607
            ],
            [
                0.9612678660405881,
                -0.26173611856592927,
                0.0014315653853431895,
                0.299036687139998
            ],
            [
                0.0013640795903930281,
                0.0014315653853431895,
                0.22613086548600225,
                0.7710734895382615
            ],
            [
                0.0016007512238383607,
                0.299036687139998,
                0.7710734895382615,
                -0.07171092790209777
            ]
        ]
    ],
    [
        [
            0.9967023328222385,
            0.42601284049442023,
            -0.715505266620917
        ],
        [
            [
                0.4260736779935409,
                0.5723040344687028,
                0.0008138093079775191,
                0.0008084782297788338
            ],
            [
                0.5723040344687028,
                -0.14395654727479945,
                0.0008432295507765999,
                0.5708092832553199
            ],
            [
                0.0008138093079775191,
                0.0008432295507765999,
                0.9975267493016726,
                0.0008162118395733063
            ],
            [
                0.0008084782297788338,
                0.5708092832553199,
                0.0008162118395733063,
                0.42756602667532806
            ]
        ]
    ],
    [
        [
            -2.9996212841542955,
            -2.999999955381891,
            -2.999999988121276
        ],
        [
            [
                -1.9998106327078138,
                0.9999999869852197,
                0.9998106457442314,
                0.9999999999783625
            ],
            [
                0.9999999869852197,
                -1.9999999689557737,
                0.9999999992182879,
                0.999999982752266
            ],
            [
                0.9998106457442314,
                0.9999999992182879,
                -1.9998106441128827,
                0.9999999991503635
            ],
            [
                0.9999999999783625,
                0.999999982752266,
                0.9999999991503635,
                -1.999999981880992
            ]
        ]
    ],
    [
        [
            -1.5262398999783133,
            -2.79786708044609,
            -2.9999999904728036
        ],
        [
            [
                -1.9999999928546028,
                0.9999999931742682,
                0.9999999997000348,
                0.9999999999802998
            ],
            [
                0.9999999931742682,
                -1.1620534860702172,
                0.30491062797129753,
                0.8571428649246517
            ],
            [
                0.9999999997000348,
                0.30491062797129753,
                -1.3049106273693836,
                0.9999999996980515
            ],
            [
                0.9999999999802998,
                0.8571428649246517,
                0.9999999996980515,
                -1.857142864603003
            ]
        ]
    ],
    [
        [
            -0.5629290428120323,
            -2.300366227792545,
            -2.9999999963788073
        ],
        [
            [
                -0.43164766470203775,
                7.466621317448005e-10,
                0.9999999973433779,
                0.4316476666119978
            ],
            [
                7.466621317448005e-10,
                -0.9999999695424735,
                0.9999999999468845,
                0.999999968848927
            ],
            [
                0.9999999973433779,
                0.9999999999468845,
                -1.999999997284105,
                0.9999999999938428
            ],
            [
                0.4316476666119978,
                0.999999968848927,
                0.9999999999938428,
                -1.4316476354547674
            ]
        ]
    ],
    [
        [
            -0.6624158896372404,
            -2.3953683110375525,
            -2.999972461067497
        ],
        [
            [
                -0.5289305292179798,
                0.9999929771083967,
                0.528937176451907,
                3.756576761630164e-07
            ],
            [
                0.9999929771083967,
                -1.9999793457919193,
                0.9999948278355042,
                0.9999915408480186
            ],
            [
                0.528937176451907,
                0.9999948278355042,
                -1.5288934372570537,
                0.9999614329696427
            ],
            [
                3.756576761630164e-07,
                0.9999915408480186,
                0.9999614329696427,
                -0.9999533494753374
            ]
        ]
    ],
    [
        [
            0.42545810004412543,
            -0.9262599596111568,
            -2.3565808625506506
        ],
        [
            [
                -0.9286993904204122,
                0.9287087243344198,
                0.9999899502844849,
                7.158015076815864e-07
            ],
            [
                0.9287087243344198,
                0.07128913355450972,
                1.154025595268867e-06,
                9.880854752103757e-07
            ],
            [
                0.9999899502844849,
                1.154025595268867e-06,
                -0.9999809328374383,
                0.999989828527358
            ],
            [
                7.158015076815864e-07,
                9.880854752103757e-07,
                0.999989828527358,
                8.467585659199806e-06
            ]
        ]
    ],
    [
        [
            0.510195931037765,
            -0.4814919043193983,
            -2.022280566912423
        ],
        [
            [
                -0.8571411822899668,
                0.857144988567065,
                0.9999954192430561,
                7.744798458209888e-07
            ],
            [
                0.857144988567065,
                0.14284997259743548,
                2.758431042665282e-06,
                2.2804044568183248e-06
            ],
            [
                0.9999954192430561,
                2.758431042665282e-06,
                -0.6396402266456613,
                0.6396420489715624
            ],
            [
                7.744798458209888e-07,
                2.2804044568183248e-06,
                0.6396420489715624,
                0.36035489614413496
            ]
        ]
    ],
    [
        [
            0.9902952610032396,
            -0.003342062003899536,
            -2.0030702968588736
        ],
        [
            [
                -0.003414063562440006,
                0.9999790632891207,
                0.0026157395692683427,
                0.0008192607040510073
            ],
            [
                0.9999790632891207,
                -1.003794359010456,
                0.003836226979362051,
                0.9999790687419734
            ],
            [
