[
    [
        [
            -0.6090158476213919,
            -2.0018606711309754,
            -3.388330740787703,
            -3.9217812443405746
        ],
        [
            [
                -2.00407822447195,
                0.024866161889010086,
                0.9873785195851685,
                0.9926665092419952,
                0.9991670337557765
            ],
            [
                0.024866161889010086,
                -1.0001893016315027,
                0.9770916849775834,
                0.006386434043797573,
                0.9918450207211114
            ],
            [
                0.9873785195851685,
                0.9770916849775834,
                -2.9372938492634284,
                0.9984870067673783,
                0.9743366379332978
            ],
            [
                0.9926665092419952,
                0.006386434043797573,
                0.9984870067673783,
                -1.0058091930783752,
                0.008269243025204154
            ],
            [
                0.9991670337557765,
                0.9918450207211114,
                0.9743366379332978,
                0.008269243025204154,
                -1.97361793543539
            ]
        ]
    ],
    [
        [
            -0.5855560801590995,
            -1.997033381622919,
            -3.4097940180588497,
            -3.9913230627246032
        ],
        [
            [
                -1.9954454753923851,
                0.00015615343916874913,
                0.9972282284554203,
                0.9984610233026628,
                0.9996000701951335
            ],
            [
                0.00015615343916874913,
                -0.9992406017338218,
                0.9994233840797421,
                0.00042454039255279685,
                0.9992365238223581
            ],
            [
                0.9972282284554203,
                0.9994233840797421,
                -2.9930573403466285,
                0.9980074847459385,
                0.9983982430655277
            ],
            [
                0.9984610233026628,
                0.00042454039255279685,
                0.9980074847459385,
                -0.9978106682253842,
                0.0009176197842300504
            ],
            [
                0.9996000701951335,
                0.9992365238223581,
                0.9983982430655277,
                0.0009176197842300504,
                -1.998152456867249
            ]
        ]
    ],
    [
        [
            0.8455383192141007,
            0.704167457657951,
            0.562353733239336,
            0.5076981684370976
        ],
        [
            [
                0.6991598666843569,
                3.7209342073241114e-05,
                0.10162478073599146,
                0.10039433878814608,
                0.0987838044494323
            ],
            [
                3.7209342073241114e-05,
                0.8120535906230443,
                0.09108372780959456,
                0.0001640610947352128,
                0.09666141113055271
            ],
            [
                0.10162478073599146,
                0.09108372780959456,
                0.6065115302860473,
                0.09937426098038915,
                0.10140570018797745
            ],
            [
                0.10039433878814608,
                0.0001640610947352128,
                0.09937426098038915,
                0.7994754729298641,
                0.0005918662068654656
            ],
            [
                0.0987838044494323,
                0.09666141113055271,
                0.10140570018797745,
                0.0005918662068654656,
                0.702557218025172
            ]
        ]
    ],
    [
        [
            0.8411975420777702,
            0.7087869408708868,
            0.5741310512733395,
            0.5023887911995716
        ],
        [
            [
                0.7103442337016962,
                0.000596346010763249,
                0.09591798230741388,
                0.09636943677986326,
                0.09677200120026341
            ],
            [
                0.000596346010763249,
                0.7985396237023372,
                0.10576617640874142,
                0.00018232251653982345,
                0.09491553136161834
            ],
            [
                0.09591798230741388,
                0.10576617640874142,
                0.6021765961255491,
                0.09935678242354157,
                0.09678246273475405
            ],
            [
                0.09636943677986326,
                0.00018232251653982345,
                0.09935678242354157,
                0.8040026627343382,
                8.879554571722403e-05
            ],
            [
                0.09677200120026341,
                0.09491553136161834,
                0.09678246273475405,
                8.879554571722403e-05,
                0.711441209157647
            ]
        ]
    ],
    [
        [
            -3.9317158121227314,
            -3.9600005862741354,
            -3.988284285534979,
            -3.9999999999609743
        ],
        [
            [
                -2.979999877055296,
                0.9799998770631868,
                0.9999999999999114,
                0.9999999999990534,
                0.9999999999931443
            ],
            [
                0.9799998770631868,
                -2.9599996327734637,
                0.9999999999999076,
                0.9799997557198556,
                0.9999999999905134
            ],
            [
                0.9999999999999114,
                0.9999999999999076,
                -2.9999999999687796,
                0.9999999999850625,
                0.999999999983898
            ],
            [
                0.9999999999990534,
                0.9799997557198556,
                0.9999999999850625,
                -2.960000464915848,
                0.9800007092118762
            ],
            [
                0.9999999999931443,
                0.9999999999905134,
                0.999999999983898,
                0.9800007092118762,
                -2.980000709179432
            ]
        ]
    ],
    [
        [
            -3.931715823485476,
            -3.9600000849901416,
            -3.9882842874514775,
            -3.999999999933426
        ],
        [
            [
                -2.9800004581918316,
                0.9800004582437751,
                0.9999999999836358,
                0.9999999999761876,
                0.9999999999882327
            ],
            [
                0.9800004582437751,
                -2.9600004712297383,
                0.9999999999857363,
                0.9800000130091158,
                0.9999999999911112
            ],
            [
                0.9999999999836358,
                0.9999999999857363,
                -2.9999999999467413,
                0.9999999999855608,
                0.9999999999918081
            ],
            [
                0.9999999999761876,
                0.9800000130091158,
                0.9999999999855608,
                -2.959999639745961,
                0.9799996267750966
            ],
            [
                0.9999999999882327,
                0.9999999999911112,
                0.9999999999918081,
                0.9799996267750966,
                -2.9799996267462485
            ]
        ]
    ],
    [
        [
            0.3909307418857635,
            0.18453653648319937,
            -1.2721531452178814,
            -2.6764524603778233
        ],
        [
            [
                -0.10377668643102123,
                0.9999680405170469,
                0.049292799025529244,
                0.0358548057864197,
                0.018661041102025433
            ],
            [
                0.9999680405170469,
                -1.451633351372033,
                0.3807338489309262,
                0.999980178595927,
                0.07095128332813228
            ],
            [
                0.049292799025529244,
                0.3807338489309262,
                0.438757961273891,
                0.11019928071952834,
                0.02101611005012516
            ],
            [
                0.0358548057864197,
                0.999980178595927,
                0.11019928071952834,
                -1.1459460406595854,
                0.9999117755577106
            ],
            [
                0.018661041102025433,
                0.07095128332813228,
                0.02101611005012516,
                0.9999117755577106,
                -0.11054021003799352
            ]
        ]
    ],
    [
        [
            0.7622516845743673,
            0.13948804396397924,
            -1.184785508579028,
            -2.478755881713968
        ],
        [
            [
                -0.09107353984327782,
                0.9999653172404518,
                0.01996190374030926,
                0.011812998116161766,
                0.059333320746354945
            ],
            [
                0.9999653172404518,
                -1.1202630018998105,
                0.012186207673504479,
                0.9996796291680912,
                0.10843184781776305
            ],
            [
                0.01996190374030926,
                0.012186207673504479,
                0.7978000198708586,
                0.03112652603397409,
                0.1389253426813536
            ],
            [
                0.011812998116161766,
                0.9996796291680912,
                0.03112652603397409,
                -1.0420968909775876,
                0.9994777376593605
            ],
            [
                0.059333320746354945,
                0.10843184781776305,
                0.1389253426813536,
                0.9994777376593605,
                -0.3061682489048321
            ]
        ]
    ]
]