[
    [
        [
            -0.6339496111756999,
            -1.9956772543685641,
            -3.4092093219125195,
            -3.8986603085101565
        ],
        [
            [
                -2.0170123642293345,
                0.02140257192652084,
                0.9978721375878759,
                0.998373773670215,
                0.9993638810447226
            ],
            [
                0.02140257192652084,
                -1.042978722007982,
                0.9958000050616611,
                0.03602781850974973,
                0.9897483265100506
            ],
            [
                0.9978721375878759,
                0.9958000050616611,
                -2.916810540007964,
                0.9251939617826457,
                0.9979444355757815
            ],
            [
                0.998373773670215,
                0.03602781850974973,
                0.9251939617826457,
                -0.9666168902768564,
                0.007021336314246063
            ],
            [
                0.9993638810447226,
                0.9897483265100506,
                0.9979444355757815,
                0.007021336314246063,
                -1.9940779794448011
            ]
        ]
    ],
    [
        [
            -0.6028407282177953,
            -2.0076699758926866,
            -3.4155513007252605,
            -3.996691112787224
        ],
        [
            [
                -2.0033218401052992,
                0.005443576219492985,
                0.9989597340267181,
                0.9989737820930078,
                0.9999447477660802
            ],
            [
                0.005443576219492985,
                -1.0103306970382286,
                0.9993481485185771,
                0.005748894867266652,
                0.9997900774328918
            ],
            [
                0.9989597340267181,
                0.9993481485185771,
                -2.9973522917937756,
                0.9991450570914988,
                0.9998993521569816
            ],
            [
                0.9989737820930078,
                0.005748894867266652,
                0.9991450570914988,
                -1.0079909226907415,
                0.004123188638968156
            ],
            [
                0.9999447477660802,
                0.9997900774328918,
                0.9998993521569816,
                0.004123188638968156,
                -2.0037573659949217
            ]
        ]
    ],
    [
        [
            0.8965596821416257,
            0.892571255092245,
            0.6915568636982203,
            0.3635208785655061
        ],
        [
            [
                0.8606973029819425,
                0.0021887776374184265,
                0.0003574086162799195,
                0.0034276434846213233,
                0.13332886727973786
            ],
            [
                0.0021887776374184265,
                0.6000779480836949,
                0.1375531312877002,
                0.050880842976627094,
                0.20929930001455943
            ],
            [
                0.0003574086162799195,
                0.1375531312877002,
                0.8587058188562454,
                0.002334312080659373,
                0.0010493291591150977
            ],
            [
                0.0034276434846213233,
                0.050880842976627094,
                0.002334312080659373,
                0.9058811537436096,
                0.03747604771448271
            ],
            [
                0.13332886727973786,
                0.20929930001455943,
                0.0010493291591150977,
                0.03747604771448271,
                0.618846455832105
            ]
        ]
    ],
    [
        [
            0.9910079737271199,
            0.89071939592235,
            0.7221613889778767,
            0.530256155783821
        ],
        [
            [
                0.7271941250277714,
                0.0004470827859668347,
                0.1341383788961985,
                0.0004059992323413031,
                0.13781441405772205
            ],
            [
                0.0004470827859668347,
                0.9927578219781799,
                0.002631893239143146,
                0.00015424205425174087,
                0.004008959942458368
            ],
            [
                0.1341383788961985,
                0.002631893239143146,
                0.7254825590190203,
                0.13612226458293453,
                0.0016249042627035637
            ],
            [
                0.0004059992323413031,
                0.00015424205425174087,
                0.13612226458293453,
                0.8477380903897767,
                0.01557940374069583
            ],
            [
                0.13781441405772205,
                0.004008959942458368,
                0.0016249042627035637,
                0.01557940374069583,
                0.8409723179964201
            ]
        ]
    ],
    [
        [
            -3.8502081476610686,
            -3.950083061011621,
            -3.9999872307996345,
            -3.999990071549961
        ],
        [
            [
                -2.9493529467780655,
                0.9493578475495373,
                0.9999960237544069,
                0.9999991226541777,
                0.9999999528199437
            ],
            [
                0.9493578475495373,
                -2.900149216848202,
                0.9999986581707545,
                0.9507936477121933,
                0.999999063415717
            ],
            [
                0.9999960237544069,
                0.9999986581707545,
                -2.99999055029233,
                0.9999971907831968,
                0.9999986775839717
            ],
            [
                0.9999991226541777,
                0.9507936477121933,
                0.9999971907831968,
                -2.9507840322168133,
                0.9999940710672456
            ],
            [
                0.9999999528199437,
                0.999999063415717,
                0.9999986775839717,
                0.9999940710672456,
                -2.999991764886878
            ]
        ]
    ],
    [
        [
            -3.901670386469971,
            -3.9675564829733596,
            -3.9999872627934,
            -3.999991341625729
        ],
        [
            [
                -2.9696616071603694,
                0.9696678505775658,
                0.9999951848778594,
                0.9999990877121419,
                0.999999483992802
            ],
            [
                0.9696678505775658,
                -2.9346153865966644,
                0.9999981793818236,
                0.9649515896380677,
                0.9999977669992073
            ],
            [
                0.9999951848778594,
                0.9999981793818236,
                -2.9999919580058982,
                0.999999105970397,
                0.9999994877758182
            ],
            [
                0.9999990877121419,
                0.9649515896380677,
                0.999999105970397,
                -2.9649447833261515,
                0.9999950000055451
            ],
            [
                0.999999483992802,
                0.9999977669992073,
                0.9999994877758182,
                0.9999950000055451,
                -2.9999917387733728
            ]
        ]
    ],
    [
        [
            0.46827616871997557,
            -0.12872225000779858,
            -1.3347358971217975,
            -2.5901328971899753
        ],
        [
            [
                -0.3601539036738828,
                0.992617211625077,
                0.1282925617469321,
                0.10068670606406255,
                0.13855742423781103
            ],
            [
                0.992617211625077,
                -1.207290312627948,
                0.08019470012440932,
                0.9996506146954309,
                0.13482778618303076
            ],
            [
                0.1282925617469321,
                0.08019470012440932,
                0.5735670127569261,
                0.1337331317930338,
                0.08421259357869859
            ],
            [
                0.10068670606406255,
                0.9996506146954309,
                0.1337331317930338,
                -1.2339551603038394,
                0.9998847077513121
            ],
            [
                0.13855742423781103,
                0.13482778618303076,
                0.08421259357869859,
                0.9998847077513121,
                -0.35748251175085244
            ]
        ]
    ],
    [
        [
            0.9418372528206175,
            0.36609110002976764,
            -1.0270883420056844,
            -2.432741149559046
        ],
        [
            [
                -0.025124202897155223,
                0.9997129969838349,
                0.007444763671264232,
                0.0038076172522248375,
                0.014158824989831231
            ],
            [
                0.9997129969838349,
                -1.0326719018502448,
                0.021138768773363403,
                0.9998318117976717,
                0.011988324295374886
            ],
            [
                0.007444763671264232,
                0.021138768773363403,
                0.9534214672673487,
                0.004878149849085522,
                0.013116850438938177
            ],
            [
                0.0038076172522248375,
                0.9998318117976717,
                0.004878149849085522,
                -1.0083900402045676,
                0.9998724613055856
            ],
            [
                0.014158824989831231,
                0.011988324295374886,
                0.013116850438938177,
                0.9998724613055856,
                -0.03913646102973001
            ]
        ]
    ]
]