[
    [
        [
            -2.104519329681335e-07,
            -1.9999997900457698,
            -2.999999589496049
        ],
        [
            [
                -0.9999999976534566,
                1.8069677738097023e-07,
                0.9999999270108028,
                0.9999998899458765
            ],
            [
                1.8069677738097023e-07,
                -9.767194675269764e-08,
                0.9999998847429832,
                3.223218623700537e-08
            ],
            [
                0.9999999270108028,
                0.9999998847429832,
                -1.999999692122036,
                0.9999998803682502
            ],
            [
                0.9999998899458765,
                3.223218623700537e-08,
                0.9999998803682502,
                -0.9999998025463128
            ]
        ]
    ],
    [
        [
            0.07417789474443512,
            -1.7774905234890332,
            -2.7032298597359308
        ],
        [
            [
                -0.8516310656588681,
                -9.239867211147001e-09,
                0.9257822618159149,
                0.9258488130828204
            ],
            [
                -9.239867211147001e-09,
                0.07416332703893003,
                0.925836635902459,
                4.6298478111798174e-08
            ],
            [
                0.9257822618159149,
                0.925836635902459,
                -1.7774223940988314,
                0.9258034963804576
            ],
            [
                0.9258488130828204,
                4.6298478111798174e-08,
                0.9258034963804576,
                -0.8516523557617561
            ]
        ]
    ],
    [
        [
            0.15484353541689835,
            -1.5354528683739253,
            -2.3806299550494847
        ],
        [
            [
                -0.6903114865298756,
                1.0693224033887753e-07,
                0.8451642101548063,
                0.8451471694428291
            ],
            [
                1.0693224033887753e-07,
                0.1548445762535393,
                0.8451554153941322,
                -9.857991179366616e-08
            ],
            [
                0.8451642101548063,
                0.8451554153941322,
                -1.5354724662080987,
                0.8451528406591602
            ],
            [
                0.8451471694428291,
                -9.857991179366616e-08,
                0.8451528406591602,
                -0.6902999115220774
            ]
        ]
    ],
    [
        [
            0.2440697133992628,
            -1.26777784523329,
            -2.0237166970187053
        ],
        [
            [
                -0.5118544054935523,
                4.180264808926686e-09,
                0.7559295438159437,
                0.7559248574973438
            ],
            [
                4.180264808926686e-09,
                0.24406866938838268,
                0.755931296438229,
                2.9993123502275654e-08
            ],
            [
                0.7559295438159437,
                0.755931296438229,
                -1.267787522755635,
                0.7559266825014622
            ],
            [
                0.7559248574973438,
                2.9993123502275654e-08,
                0.7559266825014622,
                -0.5118515699919297
            ]
        ]
    ],
    [
        [
            0.3453463085332088,
            -0.9639664681238947,
            -1.6186203720244938
        ],
        [
            [
                -0.30931234026467247,
                1.329737822820668e-07,
                0.6546574521311741,
                0.654654755159716
            ],
            [
                1.329737822820668e-07,
                0.34534817332387624,
                0.6546515950361373,
                9.866620414656043e-08
            ],
            [
                0.6546574521311741,
                0.6546515950361373,
                -0.9639652790078883,
                0.6546562318405768
            ],
            [
                0.654654755159716,
                9.866620414656043e-08,
                0.6546562318405768,
                -0.3093110856664969
            ]
        ]
    ],
    [
        [
            0.4654754200268194,
            -0.6035588053466947,
            -1.1380901195859625
        ],
        [
            [
                -0.06904132970098886,
                4.9104098277599166e-08,
                0.534522207146623,
                0.5345190734502676
            ],
            [
                4.9104098277599166e-08,
                0.4654735485769729,
                0.5345263620866118,
                4.0232317144763024e-08
            ],
            [
                0.534522207146623,
                0.5345263620866118,
                -0.6035675896662365,
                0.5345190204330017
            ],
            [
                0.5345190734502676,
                4.0232317144763024e-08,
                0.5345190204330017,
                -0.06903813411558657
            ]
        ]
    ],
    [
        [
            0.6220330114568484,
            -0.13389626728134604,
            -0.5118585623721698
        ],
        [
            [
                0.24406942883388127,
                6.80585365734354e-08,
                0.3779636604642607,
                0.3779668426433214
            ],
            [
                6.80585365734354e-08,
                0.6220309528450187,
                0.37796890244806003,
                7.66483845997017e-08
            ],
            [
                0.3779636604642607,
                0.37796890244806003,
                -0.133893921748091,
                0.37796135883577014
            ],
            [
                0.3779668426433214,
                7.66483845997017e-08,
                0.37796135883577014,
                0.2440717218725239
            ]
        ]
    ],
    [
        [
            0.9993772945270148,
            0.9981042294408464,
            0.9973819225256795
        ],
        [
            [
                0.9987138059989573,
                1.0013121517110454e-09,
                0.0006791136436573924,
                0.0006070793560731372
            ],
            [
                1.0013121517110454e-09,
                0.9994020698203606,
                0.0005979281838951235,
                9.944320915670307e-10
            ],
            [
                0.0006791136436573924,
                0.0005979281838951235,
                0.9980388045985883,
                0.0006841535738591844
            ],
            [
                0.0006070793560731372,
                9.944320915670307e-10,
                0.0006841535738591844,
                0.9987087660756356
            ]
        ]
    ],
    [
        [
            -0.0033016445983853043,
            -2.001098597120863,
            -2.999992541332695
        ],
        [
            [
                -1.0014492935571142,
                0.001451603513920022,
                0.9999977898541085,
                0.9999999001890857
            ],
            [
                0.001451603513920022,
                -0.002201352429368253,
                0.9999992670912651,
                0.0007504818241831502
            ],
            [
                0.9999977898541085,
                0.9999992670912651,
                -1.9999944059987858,
                0.9999973490534123
            ],
            [
                0.9999999001890857,
                0.0007504818241831502,
                0.9999973490534123,
                -1.000747731066681
            ]
        ]
    ],
    [
        [
            -0.4463975930618563,
            -1.9976931299893443,
            -2.7803078522278937
        ],
        [
            [
                -1.042618047059411,
                0.14643800219401695,
                0.9652914021837025,
                0.9308886426816916
            ],
            [
                0.14643800219401695,
                -0.25875899159056015,
                0.9119528599831578,
                0.2003681294133854
            ],
            [
                0.9652914021837025,
                0.9119528599831578,
                -1.834504513350454,
                0.9572602511835938
            ],
            [
                0.9308886426816916,
                0.2003681294133854,
                0.9572602511835938,
                -1.088517023278671
            ]
        ]
    ],
    [
        [
            -0.11423118032733683,
            -1.6404000177008096,
            -2.344032529890838
        ],
        [
            [
                -0.7590633323458824,
                0.09575044851164312,
                0.8017702708478727,
                0.8615426129863666
            ],
            [
                0.09575044851164312,
                -0.029561592322483454,
                0.8475668238289316,
                0.08624431998190883
            ],
            [
                0.8017702708478727,
                0.8475668238289316,
                -1.5057944824795735,
                0.856457387802769
            ],
            [
                0.8615426129863666,
                0.08624431998190883,
                0.856457387802769,
                -0.8042443207710446
            ]
        ]
    ],
    [
        [
            -0.11128994987817692,
            -1.2898728753565223,
            -2.0122114982824693
        ],
        [
            [
                -0.559233406243826,
                0.10346823885706115,
                0.734182615613985,
                0.7215825517727799
            ],
            [
                0.10346823885706115,
                -0.019330431525061087,
                0.792144662224894,
                0.12371753044310606
            ],
            [
                0.734182615613985,
                0.792144662224894,
                -1.2579188406856376,
                0.7315915628467587
            ],
            [
                0.7215825517727799,
                0.12371753044310606,
                0.7315915628467587,
                -0.5768916450626447
            ]
        ]
    ],
    [
        [
            -0.18254512598181172,
            -1.1996412554517297,
            -1.6904745502229708
        ],
        [
            [
                -0.5145948970496965,
                0.15435397821205496,
                0.6957314637228186,
                0.6645094551148231
            ],
            [
                0.15435397821205496,
                0.011149053927270836,
                0.6333407995493818,
                0.20115616831129235
            ],
            [
                0.6957314637228186,
                0.6333407995493818,
                -1.0163108641900855,
                0.6872386009178849
            ],
            [
                0.6645094551148231,
                0.20115616831129235,
                0.6872386009178849,
                -0.5529042243440003
            ]
        ]
    ],
    [
        [
            -0.09180507439984635,
            -0.7732827270239712,
            -1.2163260609539295
        ],
        [
            [
                -0.3277368075543352,
                0.22482088761932315,
                0.5757110727902273,
                0.5272048471447849
            ],
            [
                0.22482088761932315,
                0.05029098636809459,
                0.5889373743359847,
                0.13595075167659754
            ],
            [
                0.5757110727902273,
                0.5889373743359847,
                -0.6527304447481681,
                0.48808199762195625
            ],
            [
                0.5272048471447849,
                0.13595075167659754,
                0.48808199762195625,
                -0.15123759644333878
            ]
        ]
    ],
    [
        [
            0.1012268467219121,
            -0.36802451987074863,
            -0.5912002156054288
        ],
        [
            [
                0.11226051014979133,
                0.11282969342983014,
                0.43095501989770707,
                0.3439547765226715
            ],
            [
                0.11282969342983014,
                0.2673402600372444,
                0.3307083050052691,
                0.28912174152765635
            ],
            [
                0.43095501989770707,
                0.3307083050052691,
                -0.18309273289697447,
                0.42142940799399825
            ],
            [
                0.3439547765226715,
                0.28912174152765635,
                0.42142940799399825,
                -0.054505926044326136
            ]
        ]
    ],
    [
        [
            0.9927820649708136,
            0.8521925925790305,
            0.5704264426595542
        ],
        [
            [
                0.8536953913980394,
                0.1427400042805829,
                0.0018510904520180516,
                0.001713513869359637
            ],
            [
                0.1427400042805829,
                0.713002898752249,
                0.0018246636486395132,
                0.14243243331852867
            ],
            [
                0.0018510904520180516,
                0.0018246636486395132,
                0.9945865015731705,
                0.0017377443261719335
            ],
            [
                0.001713513869359637,
                0.14243243331852867,
                0.0017377443261719335,
                0.8541163084859398
            ]
        ]
    ],
    [
        [
            -1.0021072128793187,
            -2.9999875295934295,
            -3.0000018260437717
        ],
        [
            [
                -1.999992165121073,
                0.9999906974913767,
                1.0000009124935505,
                1.0000005551361462
            ],
            [
                0.9999906974913767,
                -1.001047078174898,
                1.0000006959959056,
                0.0010556846876156097
            ],
            [
                1.0000009124935505,
                1.0000006959959056,
                -2.0000013469431233,
                0.999999738453667
            ],
            [
                1.0000005551361462,
                0.0010556846876156097,
                0.999999738453667,
                -1.0010559782774289
            ]
        ]
    ],
    [
        [
            -0.7410258269585872,
            -2.1313097328611983,
            -2.7805275137256062
        ],
        [
            [
                -1.1649579426625505,
                0.27172669987721426,
                0.9311438370455782,
                0.962087405739758
            ],
            [
                0.27172669987721426,
                -0.4783514751867026,
                0.9489575517101865,
                0.2576672235993018
            ],
            [
                0.9311438370455782,
                0.9489575517101865,
                -1.8349502075564206,
                0.9548488188006559
            ],
            [
                0.962087405739758,
                0.2576672235993018,
                0.9548488188006559,
                -1.1746034481397158
            ]
        ]
    ],
    [
        [
            -0.7092112906733976,
            -1.9118966210958899,
            -2.5111596941613143
        ],
        [
            [
                -0.8927320261368643,
                0.1847407833108662,
                0.8857931152977825,
                0.8221981275282156
            ],
            [
                0.1847407833108662,
                -0.41013864935043776,
                0.7875798156436928,
                0.43781805039587873
            ],
            [
                0.8857931152977825,
                0.7875798156436928,
                -1.6213768417303402,
                0.948003910788865
            ],
            [
                0.8221981275282156,
                0.43781805039587873,
                0.948003910788865,
                -1.2080200887129595
            ]
        ]
    ],
    [
        [
            -0.6999100204095822,
            -1.539529075892788,
            -2.134272617748028
        ],
        [
            [
                -0.7507774530194924,
                0.23953789076601426,
                0.8021343107363685,
                0.7091052515171097
            ],
            [
                0.23953789076601426,
                -0.39780963105899114,
                0.7701632931583888,
                0.3881084471345882
            ],
            [
                0.8021343107363685,
                0.7701632931583888,
                -1.3501042676074873,
                0.77780666371273
            ],
            [
                0.7091052515171097,
                0.3881084471345882,
                0.77780666371273,
                -0.8750203623644279
            ]
        ]
    ],
    [
        [
            -0.5293766497232294,
            -1.5939693186897714,
            -1.687870138079529
        ],
        [
            [
                -0.9211786373590924,
                0.4594302452288179,
                0.6791130079302761,
                0.7826353841999985
            ],
            [
                0.4594302452288179,
                -0.31636966536474187,
                0.7000283763573261,
                0.1569110437785978
            ],
            [
                0.6791130079302761,
                0.7000283763573261,
                -1.0066313800388507,
                0.6274899957512486
            ],
            [
                0.7826353841999985,
                0.1569110437785978,
                0.6274899957512486,
                -0.5670364237298449
            ]
        ]
    ],
    [
        [
            -0.18110678334842048,
            -0.898438734384459,
            -1.1419745014904774
        ],
        [
            [
                -0.4005941480281512,
                0.3531759420294283,
                0.4846793825760791,
                0.5627388234226438
            ],
            [
                0.3531759420294283,
                -0.1214395790264915,
                0.6516916164130683,
                0.11657202058399489
            ],
            [
                0.4846793825760791,
                0.6516916164130683,
                -0.5782732235756112,
                0.4419022245864639
            ],
            [
                0.5627388234226438,
                0.11657202058399489,
                0.4419022245864639,
                -0.12121306859310255
            ]
        ]
    ],
    [
        [
            -0.07720273286112418,
            -0.4305653887361418,
            -0.6393412003214267
        ],
        [
            [
                0.09488013568831755,
                0.18264679937255976,
                0.3770105532893301,
                0.34546251164979264
            ],
            [
                0.18264679937255976,
                0.1048403656333381,
                0.3179668706765767,
                0.3945459643175254
            ],
            [
                0.3770105532893301,
                0.3179668706765767,
                -0.1508993856194687,
                0.45592196165356186
            ],
            [
                0.34546251164979264,
                0.3945459643175254,
                0.45592196165356186,
                -0.19593043762087992
            ]
        ]
    ],
    [
        [
            0.9964468897566138,
            0.7116607790850111,
            0.14213895634537166
        ],
        [
            [
                0.712577694694286,
                0.28563658897069966,
                0.0008848780896762847,
                0.000900838245338031
            ],
            [
                0.28563658897069966,
                0.4277882267908435,
                0.0009007570606052079,
                0.28567442717785163
            ],
            [
                0.0008848780896762847,
                0.0009007570606052079,
                0.9973351669873876,
                0.0008791978623309092
            ],
            [
                0.000900838245338031,
                0.28567442717785163,
                0.0008791978623309092,
                0.7125455367144794
            ]
        ]
    ],
    [
        [
            -2.4256694086702626,
            -2.9999885972973424,
            -2.9999991462928275
        ],
        [
            [
                -1.7128358544801667,
                0.7128367303124625,
                0.9999994215208177,
                0.9999997026468866
            ],
            [
                0.7128367303124625,
                -1.712829502354384,
                0.999999984749215,
                0.9999927872927066
            ],
            [
                0.9999994215208177,
                0.999999984749215,
                -1.9999993558781615,
                0.999999949608129
            ],
            [
                0.9999997026468866,
                0.9999927872927066,
                0.999999949608129,
                -1.999992439547722
            ]
        ]
    ],
    [
        [
            -1.2409855927788662,
            -2.280130052537596,
            -2.8239005148566343
        ],
        [
            [
                -1.3066666860063552,
                0.4067094510382083,
                0.957478968280409,
                0.9424782666877379
            ],
            [
                0.4067094510382083,
                -0.805686672227949,
                0.9433407405193012,
                0.4556364806704396
            ],
            [
                0.957478968280409,
                0.9433407405193012,
                -1.867683881690163,
                0.9668641728904528
            ],
            [
                0.9424782666877379,
                0.4556364806704396,
                0.9668641728904528,
                -1.3649789202486304
            ]
        ]
    ],
    [
        [
            -1.238795305212782,
            -1.9307626299763292,
            -2.5179256198039326
        ],
        [
            [
                -1.1567165034168987,
                0.4484596572921342,
                0.8909768054764566,
                0.8172800406483076
            ],
            [
                0.4484596572921342,
                -0.8190049297167152,
                0.9238316890529991,
                0.44671358337158196
            ],
            [
                0.8909768054764566,
                0.9238316890529991,
                -1.6312884961844971,
                0.8164800016550413
            ],
            [
                0.8172800406483076,
                0.44671358337158196,
                0.8164800016550413,
                -1.080473625674931
            ]
        ]
    ],
    [
        [
            -0.7771796973904821,
            -1.8673519248443717,
            -2.0156463790284675
        ],
        [
            [
                -1.0534353493351865,
                0.4554628913317765,
                0.6941397770298274,
                0.9038326809735826
            ],
            [
                0.4554628913317765,
                -0.4544943116292177,
                0.7531617224610282,
                0.24586969783641308
            ],
            [
                0.6941397770298274,
                0.7531617224610282,
                -1.224923730489889,
                0.7776222309990333
            ],
            [
                0.9038326809735826,
                0.24586969783641308,
                0.7776222309990333,
                -0.9273246098090289
            ]
        ]
    ],
    [
        [
            -0.5908994632879574,
            -1.2992857575762962,
            -1.636711874927549
        ],
        [
            [
                -0.38504167087613794,
                0.2173653138580873,
                0.6077720504594722,
                0.5599043065585785
            ],
            [
                0.2173653138580873,
                -0.3627201307971286,
                0.5964810160852487,
                0.5488738008537924
            ],
            [
                0.6077720504594722,
                0.5964810160852487,
                -0.9373051266254433,
                0.7330520600807224
            ],
            [
                0.5599043065585785,
                0.5488738008537924,
                0.7330520600807224,
                -0.8418301674930935
            ]
        ]
    ],
    [
        [
            -0.9108918439377933,
            -1.0943750377832282,
            -1.2733856061484408
        ],
        [
            [
                -0.5002882328205045,
                0.421296299415068,
                0.6063760121375046,
                0.472615921267932
            ],
            [
                0.421296299415068,
                -0.5337311428954394,
                0.5596956463514676,
                0.5527391971289038
            ],
            [
                0.6063760121375046,
                0.5596956463514676,
                -0.6926748261228273,
                0.5266031676338548
            ],
            [
                0.472615921267932,
                0.5527391971289038,
                0.5266031676338548,
                -0.5519582860306906
            ]
        ]
    ],
    [
        [
            -0.39683154907293516,
            -0.5404204432051096,
            -0.720839315617941
        ],
        [
            [
                -0.17958251379706214,
                0.4500455576596402,
                0.3703146944928828,
                0.3592222616445391
            ],
            [
                0.4500455576596402,
                -0.27618525169776276,
                0.4542136312374434,
                0.3719260628006791
            ],
            [
                0.3703146944928828,
                0.4542136312374434,
                -0.14785177184313425,
                0.32332344611280806
            ],
            [
                0.3592222616445391,
                0.3719260628006791,
                0.32332344611280806,
                -0.05447177055802621
            ]
        ]
    ],
    [
        [
            0.9966069053925531,
            0.5688739442362579,
            -0.2866165495377264
        ],
        [
            [
                0.5697784318444425,
                0.42852983655176347,
                0.0008472919659892688,
                0.0008444396378047446
            ],
            [
                0.42852983655176347,
                0.14197237825880293,
                0.0008490323824991176,
                0.42864875280693443
            ],
            [
                0.0008472919659892688,
                0.0008490323824991176,
                0.9974551790420454,
                0.000848496609466212
            ],
            [
                0.0008444396378047446,
                0.42864875280693443,
                0.000848496609466212,
                0.5696583109457947
            ]
        ]
    ],
    [
        [
            -2.999972146243681,
            -2.9999963457504064,
            -2.999997938593264
        ],
        [
            [
                -1.999985499088066,
                0.99998688549472,
                0.9999996270986724,
                0.9999989864946736
            ],
            [
                0.99998688549472,
                -1.9999850327155073,
                0.9999992480651744,
                0.9999988991556129
            ],
            [
                0.9999996270986724,
                0.9999992480651744,
                -1.9999984441486678,
                0.9999995689848207
            ],
            [
                0.9999989864946736,
                0.9999988991556129,
                0.9999995689848207,
                -1.999997454635107
            ]
        ]
    ],
    [
        [
            -1.7181593336760193,
            -2.461147796265645,
            -2.8428739241725602
        ],
        [
            [
                -1.5039367014010123,
                0.579085441282225,
                0.9717958253675173,
                0.95305543475127
            ],
            [
                0.579085441282225,
                -1.1242968508935895,
                0.9480870947468213,
                0.5971243148645433
            ],
            [
                0.9717958253675173,
                0.9480870947468213,
                -1.881825336159074,
                0.9619424160447355
            ],
            [
                0.95305543475127,
                0.5971243148645433,
                0.9619424160447355,
                -1.512122165660549
            ]
        ]
    ],
    [
        [
            -1.5957792995104374,
            -2.1964050692182133,
            -2.5089662762071194
        ],
        [
            [
                -1.265669202272969,
                0.5308571618819364,
                0.8851090389785512,
                0.8497030014124816
            ],
            [
                0.5308571618819364,
                -1.0111358720450907,
                0.838467063318124,
                0.64181164684503
            ],
            [
                0.8851090389785512,
                0.838467063318124,
                -1.6282035123284357,
                0.9046274100317605
            ],
            [
                0.8497030014124816,
                0.64181164684503,
                0.9046274100317605,
                -1.3961420582892723
            ]
        ]
    ],
    [
        [
            -1.2700262736217678,
            -1.8650971165112094,
            -2.170610293030961
        ],
        [
            [
                -0.9270040468094443,
                0.43179382495810065,
                0.7489659234789986,
                0.746244298372345
            ],
            [
                0.43179382495810065,
                -0.7847059731272852,
                0.6852350417233924,
                0.667677106445792
            ],
            [
                0.7489659234789986,
                0.6852350417233924,
                -1.3071516118057298,
                0.8729506466033388
            ],
            [
                0.746244298372345,
                0.667677106445792,
                0.8729506466033388,
                -1.2868720514214758
            ]
        ]
    ],
    [
        [
            -1.2156253369531445,
            -1.8241276325044058,
            -1.924407531554331
        ],
        [
            [
                -1.163305760375871,
                0.7760977959663988,
                0.7122037313411972,
                0.675004233068275
            ],
            [
                0.7760977959663988,
                -1.0486139741600842,
                0.8001293446786284,
                0.47238683351505695
            ],
            [
                0.7122037313411972,
                0.8001293446786284,
                -1.0585913879562088,
                0.5462583119363833
            ],
            [
                0.675004233068275,
                0.47238683351505695,
                0.5462583119363833,
                -0.6936493785197153
            ]
        ]
    ],
    [
        [
            -1.2288293896884819,
            -1.335899432867342,
            -1.440809376580547
        ],
        [
            [
                -0.7611628591601987,
                0.5993305565080846,
                0.6010498667406124,
                0.5607824359115018
            ],
            [
                0.5993305565080846,
                -0.7591665922753115,
                0.5163267297713664,
                0.6435093059958606
            ],
            [
                0.6010498667406124,
                0.5163267297713664,
                -0.6991468011527378,
                0.5817702046407588
            ],
            [
                0.5607824359115018,
                0.6435093059958606,
                0.5817702046407588,
                -0.7860619465481213
            ]
        ]
    ],
    [
        [
            -0.3671915950321315,
            -0.6999798875550718,
            -1.4092457480547895
        ],
        [
            [
                -0.5424732529336511,
                0.7644875137363618,
                0.37331787950281,
                0.40466785969447927
            ],
            [
                0.7644875137363618,
                -0.7010993269291335,
                0.5160808829749494,
                0.42053093021782245
            ],
            [
                0.37331787950281,
                0.5160808829749494,
                -0.14852231167233265,
                0.2591235491945733
            ],
            [
                0.40466785969447927,
                0.42053093021782245,
                0.2591235491945733,
                -0.08432233910687503
            ]
        ]
    ],
    [
        [
            0.9965922219558399,
            0.425750674735655,
            -0.715963528918228
        ],
        [
            [
                0.42670734983182335,
                0.5716022470802107,
                0.000842928857975376,
                0.0008474742299906029
            ],
            [
                0.5716022470802107,
                -0.14426104024501196,
                0.0008540321212450439,
                0.5718047610435564
            ],
            [
                0.000842928857975376,
                0.0008540321212450439,
                0.997444166240391,
                0.0008588727803885528
            ],
            [
                0.0008474742299906029,
                0.5718047610435564,
                0.0008588727803885528,
                0.42648889194606443
            ]
        ]
    ],
    [
        [
            -2.7136027756764394,
            -2.9999259711530044,
            -3.0000010205652976
        ],
        [
            [
                -1.9999511416902838,
                0.9999493975940935,
                1.0000008647483167,
                1.0000008793478736
            ],
            [
                0.9999493975940935,
                -1.8567627263139892,
                0.9999994798995387,
                0.8568138488203569
            ],
            [
                1.0000008647483167,
                0.9999994798995387,
                -2.0000007579350454,
                1.00000041328719
            ],
            [
                1.0000008793478736,
                0.8568138488203569,
                1.00000041328719,
                -1.8568151414554208
            ]
        ]
    ],
    [
        [
            -2.1653648004694954,
            -2.6107330123979042,
            -2.8395665243548898
        ],
        [
            [
                -1.6818011199424556,
                0.7500295418257665,
                0.9739245394312643,
                0.9578470386854246
            ],
            [
                0.7500295418257665,
                -1.4317943275105312,
                0.9595503263393853,
                0.7222144593453792
            ],
            [
                0.9739245394312643,
                0.9595503263393853,
                -1.8777411287545744,
                0.9442662629839245
            ],
            [
                0.9578470386854246,
                0.7222144593453792,
                0.9442662629839245,
                -1.6243277610147286
            ]
        ]
    ],
    [
        [
            -2.1342475385454645,
            -2.338850507286902,
            -2.5449378444675252
        ],
        [
            [
                -1.4582919389921836,
                0.7149639299607181,
                0.9198097618510477,
                0.8235182471804178
            ],
            [
                0.7149639299607181,
                -1.3949233479767114,
                0.8623085321153636,
                0.8176508859006296
            ],
            [
                0.9198097618510477,
                0.8623085321153636,
                -1.6528848821081792,
                0.8707665881417679
            ],
            [
                0.8235182471804178,
                0.8176508859006296,
                0.8707665881417679,
                -1.511935721222815
            ]
        ]
    ],
    [
        [
            -1.9787265115026282,
            -2.2314454251503006,
            -2.3276019767614784
        ],
        [
            [
                -1.3984650095911015,
                0.7420821474695279,
                0.8450953164484108,
                0.8112875456731627
            ],
            [
                0.7420821474695279,
                -1.261076626217592,
                0.6952573898460561,
                0.8237370889020079
            ],
            [
                0.8450953164484108,
                0.6952573898460561,
                -1.3917801746625056,
                0.8514274683680386
            ],
            [
                0.8112875456731627,
                0.8237370889020079,
                0.8514274683680386,
                -1.4864521029432094
            ]
        ]
    ],
    [
        [
            -1.2543953589804024,
            -1.8022149290584182,
            -2.2082393087268857
        ],
        [
            [
                -1.2049883825828154,
                0.8975584200033989,
                0.6811590304315098,
                0.6262709321479065
            ],
            [
                0.8975584200033989,
                -1.3269728221389143,
                0.8467520696451727,
                0.5826623324903429
            ],
            [
                0.6811590304315098,
                0.8467520696451727,
                -1.025933113741206,
                0.49802201366452364
            ],
            [
                0.6262709321479065,
                0.5826623324903429,
                0.49802201366452364,
                -0.7069552783027733
            ]
        ]
    ],
    [
        [
            -0.9736241498187889,
            -1.1643752490695072,
            -1.3744821238830087
        ],
        [
            [
                -0.6188737155251187,
                0.6356760895640324,
                0.4330618301802933,
                0.5501357957807931
            ],
            [
                0.6356760895640324,
                -0.7673629181616726,
                0.5690787879952618,
                0.5626080406023783
            ],
            [
                0.4330618301802933,
                0.5690787879952618,
                -0.5078208354384484,
                0.5056802172628933
            ],
            [
                0.5501357957807931,
                0.5626080406023783,
                0.5056802172628933,
                -0.6184240536460646
            ]
        ]
    ],
    [
        [
            -0.4522788707890168,
            -0.8247934337397872,
            -1.7875785588353397
        ],
        [
            [
                -0.6839952948324135,
                0.9022318693840969,
                0.3795604244446175,
                0.4022030010036991
            ],
            [
                0.9022318693840969,
                -0.9858371461518507,
                0.5082244095889378,
                0.5753808671788158
            ],
            [
                0.3795604244446175,
                0.5082244095889378,
                -0.15250969411546045,
                0.26472486008190527
            ],
            [
                0.4022030010036991,
                0.5753808671788158,
                0.26472486008190527,
                -0.24230872826442007
            ]
        ]
    ],
    [
        [
            0.9965345332805658,
            0.2831036025675031,
            -1.1437521547869052
        ],
        [
            [
