[
    [
        [
            0.9728704643651384,
            -0.43812207467215486,
            -0.45161944724209246,
            -0.9836243874497436
        ],
        [
            [
                1.290089649230719e-05,
                0.9836373279756251,
                0.01126080281292774,
                0.004518102614572805,
                0.0005708657003821171
            ],
            [
                0.9836373279756251,
                3.24710164798514e-05,
                0.010255333636682962,
                0.002904481465679065,
                0.0031703859055329797
            ],
            [
                0.01126080281292774,
                0.010255333636682962,
                0.029943272581236968,
                0.4716326894116178,
                0.47690790155753454
            ],
            [
                0.004518102614572805,
                0.002904481465679065,
                0.4716326894116178,
                0.03555489508925924,
                0.48538983141887104
            ],
            [
                0.0005708657003821171,
                0.0031703859055329797,
                0.47690790155753454,
                0.48538983141887104,
                0.03396101541767926
            ]
        ]
    ],
    [
        [
            0.9729336254638838,
            -0.438091761772903,
            -0.4509403251212101,
            -0.9839690376765541
        ],
        [
            [
                2.5750719293338165e-05,
                0.9837013501122703,
                0.0008281309391628411,
                0.013424338679604852,
                0.002020429549668634
            ],
            [
                0.9837013501122703,
                1.9811310106199187e-05,
                0.001857548186147584,
                0.0003634540734862579,
                0.014057836317989625
            ],
            [
                0.0008281309391628411,
                0.001857548186147584,
                0.03533612848011125,
                0.4792719363221028,
                0.4827062560724755
            ],
            [
                0.013424338679604852,
                0.0003634540734862579,
                0.4792719363221028,
                0.03513780162432312,
                0.4718024693004829
            ],
            [
                0.002020429549668634,
                0.014057836317989625,
                0.4827062560724755,
                0.4718024693004829,
                0.029413008759383352
            ]
        ]
    ],
    [
        [
            0.9724440919551204,
            -0.42586971673552515,
            -0.46414120516418406,
            -0.9835376492118144
        ],
        [
            [
                0.024458977451795927,
                0.4875238594216144,
                0.014488451337320296,
                0.0017869070147181199,
                0.4717418047745513
            ],
            [
                0.4875238594216144,
                0.022043695251521278,
                0.0018815602904576068,
                0.013765150771048118,
                0.4747857342653585
            ],
            [
                0.014488451337320296,
                0.0018815602904576068,
                3.0132573915819805e-05,
                0.9833304020506386,
                0.0002694537476676806
            ],
            [
                0.0017869070147181199,
                0.013765150771048118,
                0.9833304020506386,
                0.00013862425876798312,
                0.0009789159048272933
            ],
            [
                0.4717418047745513,
                0.4747857342653585,
                0.0002694537476676806,
                0.0009789159048272933,
                0.05222409130759531
            ]
        ]
    ],
    [
        [
            0.9728363106525423,
            -0.43028804681167687,
            -0.4590081701483319,
            -0.9837720710517982
        ],
        [
            [
                6.217931990848413e-06,
                0.002674113632339936,
                0.0008871832077014807,
                0.012812531988359632,
                0.9836199532396082
            ],
            [
                0.002674113632339936,
                0.04370036862814608,
                0.470007146800343,
                0.48174667947797917,
                0.0018716914611918156
            ],
            [
                0.0008871832077014807,
                0.470007146800343,
                0.03519812067779826,
                0.48210062495868766,
                0.011806924355469595
            ],
            [
                0.012812531988359632,
                0.48174667947797917,
                0.48210062495868766,
                0.02075102401702178,
                0.002589139557951703
            ],
            [
                0.9836199532396082,
                0.0018716914611918156,
                0.011806924355469595,
                0.002589139557951703,
                0.00011229138577872888
            ]
        ]
    ],
    [
        [
            0.9730567836542106,
            -0.44126805587220774,
            -0.4481389829237151,
            -0.9836875317055565
        ],
        [
            [
                0.025946697084899606,
                0.4774046683143245,
                0.010824030034383703,
                0.007708002456043583,
                0.4781166021103486
            ],
            [
                0.4774046683143245,
                0.03801641612030371,
                0.003808308137476124,
                0.002398089386546287,
                0.4783725180413494
            ],
            [
                0.010824030034383703,
                0.003808308137476124,
                0.00013462885166348748,
                0.9837293547147494,
                0.0015036782617272593
            ],
            [
                0.007708002456043583,
                0.002398089386546287,
                0.9837293547147494,
                1.0911475975206031e-05,
                0.006153641966685441
            ],
            [
                0.4781166021103486,
                0.4783725180413494,
                0.0015036782617272593,
                0.006153641966685441,
                0.03585355961988923
            ]
        ]
    ],
    [
        [
            0.9727447673028413,
            -0.42540375056049795,
            -0.4641643017535797,
            -0.9835356337155909
        ],
        [
            [
                5.1224695578167e-05,
                0.9835171846111701,
                0.004143428994330622,
                0.011686073087351923,
                0.0006020886115692403
            ],
            [
                0.9835171846111701,
                0.00014397241468200317,
                0.00025703818547739843,
                0.006261986381274787,
                0.009819818407395764
            ],
            [
                0.004143428994330622,
                0.00025703818547739843,
                0.030006183701515532,
                0.4905993890809784,
                0.4749939600376981
            ],
            [
                0.011686073087351923,
                0.006261986381274787,
                0.4905993890809784,
                0.023154059484227885,
                0.468298491966167
            ],
            [
                0.0006020886115692403,
                0.009819818407395764,
                0.4749939600376981,
                0.468298491966167,
                0.04628564097716992
            ]
        ]
    ],
    [
        [
            0.972953740503733,
            -0.44215376065325035,
            -0.4473178019041678,
            -0.9837578846509193
        ],
        [
            [
                0.03535047425529525,
                0.47693088848158355,
                0.4787708884103383,
                0.008872578654321006,
                7.517019846187134e-05
            ],
            [
                0.47693088848158355,
                0.03392750792392196,
                0.47827995049508776,
                0.0012534969654591221,
                0.009608156133947499
            ],
            [
                0.4787708884103383,
                0.47827995049508776,
                0.030298216542457457,
                0.006076214553357551,
                0.006574729998758855
            ],
            [
                0.008872578654321006,
                0.0012534969654591221,
                0.006076214553357551,
                0.00010193036587480275,
                0.9836957794609875
            ],
            [
                7.517019846187134e-05,
                0.009608156133947499,
                0.006574729998758855,
                0.9836957794609875,
                4.61642078442015e-05
            ]
        ]
    ],
    [
        [
            0.9698075909375888,
            -0.4451614444079472,
            -0.45261362059931604,
            -0.9821279383472492
        ],
        [
            [
                0.03287799551099524,
                0.4776892801635489,
                0.48070383022560076,
                0.006161176516131961,
                0.0025677175837230948
            ],
            [
                0.4776892801635489,
                0.03183788705920143,
                0.47857864891527585,
                0.011656576276881436,
                0.000237607585092392
            ],
            [
                0.48070383022560076,
                0.47857864891527585,
                0.02509294770190862,
                0.00030584645617337536,
                0.015318726701041396
            ],
            [
                0.006161176516131961,
                0.011656576276881436,
                0.00030584645617337536,
                4.810496582030588e-05,
                0.9818282957849929
            ],
            [
                0.0025677175837230948,
                0.000237607585092392,
                0.015318726701041396,
                0.9818282957849929,
                4.765234515025085e-05
            ]
        ]
    ],
    [
        [
            0.9656565779725742,
            -0.44502930428427667,
            -0.4647614792108811,
            -0.9794606803476376
        ],
        [
            [
                0.017462049081407693,
                0.47333780495163286,
                0.018000424121971115,
                0.004366084962140415,
                0.486833636882848
            ],
            [
                0.47333780495163286,
                0.031821831828911185,
                0.0015195373901747966,
                0.012264929897852772,
                0.4810558959314284
            ],
            [
                0.018000424121971115,
                0.0015195373901747966,
                8.965068019084477e-05,
                0.9792545528836873,
                0.0011358349239758425
            ],
            [
                0.004366084962140415,
                0.012264929897852772,
                0.9792545528836873,
                8.569126692081763e-05,
                0.004028740989398649
            ],
            [
                0.486833636882848,
                0.4810558959314284,
                0.0011358349239758425,
                0.004028740989398649,
                0.026945891272349143
            ]
        ]
    ],
    [
        [
            0.9611912527990752,
            -0.44995778356843075,
            -0.47167704611805505,
            -0.9773156697128849
        ],
        [
            [
                0.025789516006189617,
                0.49078050954885233,
                0.0009227972036706111,
                0.47621827937796296,
                0.0062888978633244275
            ],
            [
                0.49078050954885233,
                0.01426780620447543,
                0.00015324755841955584,
                0.4785844692221622,
                0.01621396746609044
            ],
            [
                0.0009227972036706111,
                0.00015324755841955584,
                5.3695140054932367e-05,
                0.022234117482385796,
                0.976636142615469
            ],
            [
                0.47621827937796296,
                0.4785844692221622,
                0.022234117482385796,
                0.022115938955679648,
                0.0008471949618094055
            ],
            [
                0.0062888978633244275,
                0.01621396746609044,
                0.976636142615469,
                0.0008471949618094055,
                1.3797093306733288e-05
            ]
        ]
    ],
    [
        [
            0.8942774174045659,
            -0.3992607114417119,
            -0.45245174493800105,
            -0.9432912504933438
        ],
        [
            [
                0.007081478136081509,
                0.06269136394046865,
                0.00046246429860258287,
                0.45996260098670055,
                0.46980209263814676
            ],
            [
                0.06269136394046865,
                8.002608875956607e-05,
                0.9355679531866358,
                0.0014071764809208132,
                0.00025348030321525883
            ],
            [
                0.00046246429860258287,
                0.9355679531866358,
                0.00016780740212296585,
                0.0026552457307731925,
                0.061146529381865655
            ],
            [
                0.45996260098670055,
                0.0014071764809208132,
                0.0026552457307731925,
                0.07956073901468907,
                0.4564142377869164
            ],
            [
                0.46980209263814676,
                0.00025348030321525883,
                0.061146529381865655,
                0.4564142377869164,
                0.012383659889855902
            ]
        ]
    ],
    [
        [
            0.8934214351870803,
            -0.3810499684949639,
            -0.4699716322001961,
            -0.9431406197678004
        ],
        [
            [
                0.0032002114297438045,
                0.45078025458356336,
                0.001107496214846737,
                0.0640258998821851,
                0.480886137889661
            ],
            [
                0.45078025458356336,
                0.09380092714585686,
                0.0013003924231674846,
                0.0002645056393209,
                0.45385392020809145
            ],
            [
                0.001107496214846737,
                0.0013003924231674846,
                0.00016780711740960186,
                0.9348999784920823,
                0.06252432575249389
            ],
            [
                0.0640258998821851,
                0.0002645056393209,
                0.9348999784920823,
                8.213443388394026e-05,
                0.0007274815525278311
            ],
            [
                0.480886137889661,
                0.45385392020809145,
                0.06252432575249389,
                0.0007274815525278311,
                0.002008134597225819
            ]
        ]
    ],
    [
        [
            0.89497688742446,
            -0.42009612444898237,
            -0.4317545310111062,
            -0.9433732204485229
        ],
        [
            [
                8.067451882931564e-05,
                0.06143817924978445,
                0.0019317983633146407,
                0.9359819036030306,
                0.0005674442650410172
            ],
            [
                0.06143817924978445,
                0.01626646850107294,
                0.47132772664562206,
                0.00022490375741912594,
                0.45074272184610137
            ],
            [
                0.0019317983633146407,
                0.47132772664562206,
                0.0619099080710066,
                0.0006127554793891044,
                0.4642178114406676
            ],
            [
                0.9359819036030306,
                0.00022490375741912594,
                0.0006127554793891044,
                0.00010218756845481458,
                0.06307824959170633
            ],
            [
                0.0005674442650410172,
                0.45074272184610137,
                0.4642178114406676,
                0.06307824959170633,
                0.021393772856483695
            ]
        ]
    ],
    [
        [
            0.8940282052662197,
            -0.3915464666244683,
            -0.46116809363866984,
            -0.9424708606794044
        ],
        [
            [
                0.0025264953660437683,
                0.48908883748843784,
                0.060540730168067214,
                0.44764458904181365,
                0.00019934793563752828
            ],
            [
                0.48908883748843784,
                0.0538104168283573,
                0.0028492419206141983,
                0.44962247098325125,
                0.004629032779339459
            ],
            [
                0.060540730168067214,
                0.0028492419206141983,
                9.307813435488477e-05,
                0.0008757764917739497,
                0.9356411732851898
            ],
            [
                0.44764458904181365,
                0.44962247098325125,
                0.0008757764917739497,
                0.04236975573912494,
                0.0594874077440361
            ],
            [
                0.00019934793563752828,
                0.004629032779339459,
                0.9356411732851898,
                0.0594874077440361,
                4.3038255796989944e-05
            ]
        ]
    ],
    [
        [
            0.8942443134846972,
            -0.3879501991935066,
            -0.46459820243143624,
            -0.9421891114709581
        ],
        [
            [
                0.040227155838330475,
                0.467414871704873,
                0.062383936669191176,
                0.4296619584415103,
                0.00031207734609517424
            ],
            [
                0.467414871704873,
                0.03891490888811622,
                0.002098926235493792,
                0.48918308640292635,
                0.0023882067685906394
            ],
            [
                0.062383936669191176,
                0.002098926235493792,
                7.074407793994375e-05,
                7.25117125788266e-08,
                0.9354463205056626
            ],
            [
                0.4296619584415103,
                0.48918308640292635,
                7.25117125788266e-08,
                0.019797739424304517,
                0.06135714321954627
            ],
            [
                0.00031207734609517424,
                0.0023882067685906394,
                0.9354463205056626,
                0.06135714321954627,
                0.0004962521601052927
            ]
        ]
    ],
    [
        [
            0.893614633633089,
            -0.41079009104095215,
            -0.4469553802864653,
            -0.9416293395889389
        ],
        [
            [
                1.33119764317291e-05,
                0.0005425638671125443,
                0.053843598058439024,
                0.010085110771594907,
                0.9355154153264218
            ],
            [
                0.0005425638671125443,
                0.02800069595896737,
                0.45734333957636525,
                0.4545692019188848,
                0.059544198678669946
            ],
            [
                0.053843598058439024,
                0.45734333957636525,
                0.011647013490543756,
                0.47684898779186435,
                0.00031706108278756195
            ],
            [
                0.010085110771594907,
                0.4545692019188848,
                0.47684898779186435,
                0.05422608794816286,
                0.004270611569492988
            ],
            [
                0.9355154153264218,
                0.059544198678669946,
                0.00031706108278756195,
                0.004270611569492988,
                0.00035271334262754195
            ]
        ]
    ],
    [
        [
            0.8941497037196813,
            -0.3938500154918407,
            -0.46198073888814,
            -0.9410116667169321
        ],
        [
            [
                0.00045904864255308375,
                0.9359282613655917,
                0.0009222898009866309,
                0.009646162379266854,
                0.05304423781160167
            ],
            [
                0.9359282613655917,
                8.790644077516507e-05,
                0.05107701133916287,
                0.010680956795336871,
                0.0022258640591333867
            ],
            [
                0.0009222898009866309,
                0.05107701133916287,
                0.022724899266902465,
                0.4474081115147065,
                0.4778676880782415
            ],
            [
                0.009646162379266854,
                0.010680956795336871,
                0.4474081115147065,
                0.06971899376610202,
                0.46254577554458776
            ],
            [
                0.05304423781160167,
                0.0022258640591333867,
                0.4778676880782415,
                0.46254577554458776,
                0.004316434506435707
            ]
        ]
    ],
    [
        [
            0.8911041452399422,
            -0.4097631984410469,
            -0.4535599874830648,
            -0.9401438374596617
        ],
        [
            [
                9.987978305225909e-05,
                0.000982489423969446,
                0.9338585868762737,
                0.0030216233876897425,
                0.0620374205290149
            ],
            [
                0.000982489423969446,
                0.029117979612085065,
                0.05134969840301329,
                0.4535213154239222,
                0.46502851713700993
            ],
            [
                0.9338585868762737,
                0.05134969840301329,
                0.000628763031107149,
                0.013658860445426413,
                0.0005040912441794942
            ],
            [
                0.0030216233876897425,
                0.4535213154239222,
                0.013658860445426413,
                0.05757936454154522,
                0.47221883620141636
            ],
            [
                0.0620374205290149,
                0.46502851713700993,
                0.0005040912441794942,
                0.47221883620141636,
                0.00021113488837931627
            ]
        ]
    ],
    [
        [
            0.8860277125690706,
            -0.42505604139967906,
            -0.452040410948615,
            -0.9374625174937717
        ],
        [
            [
                7.424402125422169e-06,
                8.366101368728618e-06,
                0.06797144919063103,
                0.930376969947101,
                0.0016357903587739253
            ],
            [
                8.366101368728618e-06,
                0.023417050276534734,
                0.4493154048649974,
                0.05748367852671804,
                0.46977550023038117
            ],
            [
                0.06797144919063103,
                0.4493154048649974,
                0.0029556687105807278,
                0.0032952581574909323,
                0.47646221907629993
            ],
            [
                0.930376969947101,
                0.05748367852671804,
                0.0032952581574909323,
                0.0009031011859550464,
                0.007940992182734863
            ],
            [
                0.0016357903587739253,
                0.46977550023038117,
                0.47646221907629993,
                0.007940992182734863,
                0.044185498151810165
            ]
        ]
    ],
    [
        [
            0.8795179234476828,
            -0.4312204145879063,
            -0.4582570373946885,
            -0.9366911467625457
        ],
        [
            [
                0.006188029477326773,
                0.00021601196940507217,
                0.07221461153026887,
                0.47516205128746514,
                0.4462192957355341
            ],
            [
                0.00021601196940507217,
                0.00010733551208552683,
                0.9263744587294271,
                0.001097917760833289,
                0.07220427602824903
            ],
            [
                0.07221461153026887,
                0.9263744587294271,
                4.5522707988077116e-05,
                0.000573966402198256,
                0.0007914406301177679
            ],
            [
                0.47516205128746514,
                0.001097917760833289,
                0.000573966402198256,
                0.0446947569742735,
                0.4784713075752299
            ],
            [
                0.4462192957355341,
                0.07220427602824903,
                0.0007914406301177679,
                0.4784713075752299,
                0.0023136800308694028
            ]
        ]
    ],
    [
        [
            0.7867186641496287,
            -0.3483838593632688,
            -0.491036439419346,
            -0.8991151065431968
        ],
        [
            [
                0.00012709395560328574,
                0.8679809720886251,
                0.005283404041961592,
                0.00022356056222799792,
                0.12638496935158194
            ],
            [
                0.8679809720886251,
                8.850078282218732e-06,
                0.000586640539286365,
                0.12982315984886467,
                0.0016003774449415697
            ],
            [
                0.005283404041961592,
                0.000586640539286365,
                0.03645364102551296,
                0.4720171904566156,
                0.48565912393662347
            ],
            [
                0.00022356056222799792,
                0.12982315984886467,
                0.4720171904566156,
                0.011587116814929077,
                0.3863489723173626
            ],
            [
                0.12638496935158194,
                0.0016003774449415697,
                0.48565912393662347,
                0.3863489723173626,
                6.5569494904771375e-06
            ]
        ]
    ],
    [
        [
            0.7872918387937009,
            -0.3429139079943142,
            -0.4955000401023898,
            -0.8986147458134519
        ],
        [
            [
                0.011814251166040735,
                0.38210100172672623,
                0.4773155264207345,
                0.1282713153000669,
                0.0004979053864316851
            ],
            [
                0.38210100172672623,
                0.003381045394210913,
                0.4842548832344636,
                0.0008375543604942082,
                0.12942551528410506
            ],
            [
                0.4773155264207345,
                0.4842548832344636,
                0.03403105569000853,
                0.002985833179928732,
                0.0014127014748647748
            ],
            [
                0.1282713153000669,
                0.0008375543604942082,
                0.002985833179928732,
                0.00013910596909838535,
                0.8677661911904118
            ],
            [
                0.0004979053864316851,
                0.12942551528410506,
                0.0014127014748647748,
                0.8677661911904118,
                0.0008976866641867698
            ]
        ]
    ],
    [
        [
            0.7906085833792921,
            -0.36151768976899834,
            -0.47041901840212885,
            -0.9021463160183315
        ],
        [
            [
                0.053056455766529176,
                0.00025811599588132506,
                0.47293220052287943,
                0.47328509472047625,
                0.0004681329942338164
            ],
            [
                0.00025811599588132506,
                0.00018839766416900439,
                0.1287499991835367,
                0.001011323778001394,
                0.8697921633784116
            ],
            [
                0.47293220052287943,
                0.1287499991835367,
                0.0025366928452736914,
                0.3956121296445209,
                0.00016897780378927196
            ],
            [
                0.47328509472047625,
                0.001011323778001394,
                0.3956121296445209,
                0.0006323694736483088,
                0.12945908238335319
            ],
            [
                0.0004681329942338164,
                0.8697921633784116,
                0.00016897780378927196,
                0.12945908238335319,
                0.00011164344021219463
            ]
        ]
    ],
    [
        [
            0.7842086643753753,
            -0.35045641212674156,
            -0.4962305907175846,
            -0.8972431544270747
        ],
        [
            [
                0.0009090950298549227,
                0.8658456827375859,
                0.004969961296544256,
                0.0013839393741656991,
                0.12689132156184924
            ],
            [
                0.8658456827375859,
                0.00046768651598039224,
                0.001786359605875365,
                0.13165419794090327,
                0.00024607319965508356
            ],
            [
                0.004969961296544256,
                0.001786359605875365,
                0.03232943870450389,
                0.4754170009785165,
                0.4854972394145599
            ],
            [
                0.0013839393741656991,
                0.13165419794090327,
                0.4754170009785165,
                0.005375891368057051,
                0.38616897033835756
            ],
            [
                0.12689132156184924,
                0.00024607319965508356,
                0.4854972394145599,
                0.38616897033835756,
                0.001196395485578261
            ]
        ]
    ],
    [
        [
            0.8042037722622288,
            -0.38386274094269784,
            -0.42642278725348937,
            -0.9057425909610514
        ],
        [
            [
                0.0002387451654868311,
                0.12030186647730418,
                0.8784807292539147,
                0.0006062690577549601,
                0.0003723900455394058
            ],
            [
                0.12030186647730418,
                0.002764771846743841,
                0.0015954765293288986,
                0.4587090061324807,
                0.4166288790141423
            ],
            [
                0.8784807292539147,
                0.0015954765293288986,
                0.0006641537363808458,
                0.0036148604601591305,
                0.11564478002021639
            ],
            [
                0.0006062690577549601,
                0.4587090061324807,
                0.0036148604601591305,
                0.07711194789294173,
                0.45995791645666345
            ],
            [
                0.0003723900455394058,
                0.4166288790141423,
                0.11564478002021639,
                0.45995791645666345,
                0.007396034463438506
            ]
        ]
    ],
    [
        [
            0.7722502231413282,
            -0.33348949193657995,
            -0.5327021562443683,
            -0.8925797858890014
        ],
        [
            [
                0.00035401060443907006,
                0.00013365404031540074,
                0.8589285085921964,
                0.13621220729730982,
                0.004371619465739329
            ],
            [
                0.00013365404031540074,
                0.003696426997090607,
                0.13256611674148866,
                0.3707533647841338,
                0.49285043743697154
            ],
            [
                0.8589285085921964,
                0.13256611674148866,
                0.000636500957813535,
                0.0009199644741167967,
                0.006948909234384626
            ],
            [
                0.13621220729730982,
                0.3707533647841338,
                0.0009199644741167967,
                0.002538640046785834,
                0.4895758233976537
            ],
            [
                0.004371619465739329,
                0.49285043743697154,
                0.006948909234384626,
                0.4895758233976537,
                0.006253210465250847
            ]
        ]
    ],
    [
        [
            0.7809279159105295,
            -0.34059227551287385,
            -0.5055502421378583,
            -0.8985773972628592
        ],
        [
            [
                0.00011249639792598742,
                0.0006568091010594745,
                0.3777064941129029,
                0.1358263105016198,
                0.4856978898864919
            ],
            [
                0.0006568091010594745,
                1.190431601294506e-05,
                0.13554197253127953,
                0.8636838318716205,
                0.00010548218002753851
            ],
            [
                0.3777064941129029,
                0.13554197253127953,
                0.00412412679682439,
                0.0003567294182375558,
                0.4822706771407557
            ],
            [
                0.1358263105016198,
                0.8636838318716205,
                0.0003567294182375558,
                8.33254509852166e-05,
                4.980275753696528e-05
            ],
            [
                0.4856978898864919,
                0.00010548218002753851,
                0.4822706771407557,
                4.980275753696528e-05,
                0.0318761480351879
            ]
        ]
    ],
    [
        [
            0.7972694383765124,
            -0.36765135092087886,
            -0.45635494518341735,
            -0.9023492101352125
        ],
        [
            [
                0.00028360010113592793,
                0.1184440462614702,
                0.8743980965125068,
                0.0004187111054194115,
                0.006455546019467684
            ],
            [
                0.1184440462614702,
                0.014353736586564358,
                5.032206558841512e-06,
                0.40436596613632575,
                0.46283121880908085
            ],
            [
                0.8743980965125068,
                5.032206558841512e-06,
                0.000996943252977056,
                0.1220635371859885,
                0.002536390841968772
            ],
            [
                0.0004187111054194115,
                0.40436596613632575,
                0.1220635371859885,
                0.00012729671955569177,
                0.47302448885271065
            ],
            [
                0.006455546019467684,
                0.46283121880908085,
                0.002536390841968772,
                0.47302448885271065,
                0.05515235547677211
            ]
        ]
    ],
    [
        [
            0.7686527956879947,
            -0.3264088071179121,
            -0.5420163761505534,
            -0.8925494780260249
        ],
        [
            [
                0.0005409461657592818,
                0.0004979785277071658,
                0.49791157771439215,
                0.1365501424547243,
                0.3644993551374171
            ],
            [
                0.0004979785277071658,
                3.597674496891301e-05,
                0.0020453508376938045,
                0.8566774781786312,
                0.1407432157109989
            ],
            [
                0.49791157771439215,
                0.0020453508376938045,
                0.003480887343380701,
                0.005930729888556419,
                0.4906314542159768
            ],
            [
                0.1365501424547243,
                0.8566774781786312,
                0.005930729888556419,
                0.00016799934093869595,
                0.0006736501371493175
            ],
            [
                0.3644993551374171,
                0.1407432157109989,
                0.4906314542159768,
                0.0006736501371493175,
                0.0034523247984576955
            ]
        ]
    ],
    [
        [
            0.7782640884106374,
            -0.3674131438876217,
            -0.502456155682444,
            -0.8925941361486966
        ],
        [
            [
                0.004576496853675671,
                0.4012624429486672,
                0.4940797503030426,
                0.09951187663154804,
                0.0005694332630664101
            ],
            [
                0.4012624429486672,
                0.0023430505440045213,
                0.4620516439298412,
                0.0014564164497151144,
                0.1328864461277719
            ],
            [
                0.4940797503030426,
                0.4620516439298412,
                0.008185741218952991,
                0.03427938610762005,
                0.001403478440543282
            ],
            [
                0.09951187663154804,
                0.0014564164497151144,
                0.03427938610762005,
                0.00015352135887014562,
                0.8645987994522466
            ],
            [
                0.0005694332630664101,
                0.1328864461277719,
                0.001403478440543282,
                0.8645987994522466,
                0.0005418427163718098
            ]
        ]
    ],
    [
        [
            0.6405245670947212,
            -0.16874057511074747,
            -0.5993456683129554,
            -0.8566751470141581
        ],
        [
            [
                0.00012031767250220149,
                0.00027053922061115454,
                0.00013464790603118226,
                0.769674529419576,
                0.22979996578127948
            ],
            [
                0.00027053922061115454,
                0.006667499215575523,
                0.5007758093033147,
                0.22868732512707413,
                0.2635988271334245
            ],
            [
                0.00013464790603118226,
                0.5007758093033147,
                6.634727490828496e-05,
                0.0009242540669216481,
                0.4980989414488241
            ],
            [
                0.769674529419576,
                0.22868732512707413,
                0.0009242540669216481,
                0.0005603191219153425,
                0.00015357226451284678
            ],
            [
                0.22979996578127948,
                0.2635988271334245,
                0.4980989414488241,
                0.00015357226451284678,
                0.008348693371959093
            ]
        ]
    ],
    [
        [
            0.6371810022247929,
            -0.17619027990276706,
            -0.6004080354504335,
            -0.8565920464812203
        ],
        [
            [
                0.0014867926917017105,
                0.4970780789721911,
                0.0012371934482549585,
                0.2674887268152869,
                0.2327092080725654
            ],
            [
                0.4970780789721911,
                0.000900365589612373,
                0.00011161681958815617,
                0.5016416955478173,
                0.00026824307079109655
            ],
            [
                0.0012371934482549585,
                0.00011161681958815617,
                0.0012620349059705438,
                0.2305436258968077,
