[
    [
        [
            0.9730020083744233,
            -0.437415371920873,
            -0.45245020600907265,
            -0.9834770580574183
        ],
        [
            [
                0.031976715929641575,
                0.007098652748857848,
                0.4746542546349901,
                0.4850175605736345,
                0.0012528161128759208
            ],
            [
                0.007098652748857848,
                0.0004883933592031431,
                0.0019865680390550033,
                0.0069080273003480075,
                0.983518358552536
            ],
            [
                0.4746542546349901,
                0.0019865680390550033,
                0.03397469407777809,
                0.4745436173111474,
                0.01484086593702938
            ],
            [
                0.4850175605736345,
                0.0069080273003480075,
                0.4745436173111474,
                0.033181202218873995,
                0.00034959259599604
            ],
            [
                0.0012528161128759208,
                0.983518358552536,
                0.01484086593702938,
                0.00034959259599604,
                3.836680156266148e-05
            ]
        ]
    ],
    [
        [
            0.9608701535513675,
            -0.4586041888547363,
            -0.46454861107226586,
            -0.9769245223869611
        ],
        [
            [
                0.017677985036204547,
                0.00027191917166341506,
                0.017548987656099746,
                0.4857413392674649,
                0.4787597688685674
            ],
            [
                0.00027191917166341506,
                0.0001434637947610451,
                0.9763911482868428,
                0.003240275654898317,
                0.01995319309183441
            ],
            [
                0.017548987656099746,
                0.9763911482868428,
                5.316761917240065e-05,
                0.004805979853162168,
                0.0012007165847230383
            ],
            [
                0.4857413392674649,
                0.003240275654898317,
                0.004805979853162168,
                0.02452214927843288,
                0.4816902559460418
            ],
            [
                0.4787597688685674,
                0.01995319309183441,
                0.0012007165847230383,
                0.4816902559460418,
                0.018396065508833326
            ]
        ]
    ],
    [
        [
            -0.22497922747129873,
            -0.23232144182771697,
            -0.2411640455408153,
            -0.25679105851950357
        ],
        [
            [
                0.00899791170152886,
                0.2446163177616677,
                0.23833608931052375,
                0.25095597891407045,
                0.2570937023122093
            ],
            [
                0.2446163177616677,
                0.010569483459059614,
                0.2508326438844955,
                0.2448386785430413,
                0.24914287635173593
            ],
            [
                0.23833608931052375,
                0.2508326438844955,
                0.011955299537018349,
                0.24966892746479907,
                0.24920703980316328
            ],
            [
                0.25095597891407045,
                0.2448386785430413,
                0.24966892746479907,
                0.011600782744128235,
                0.24293563233396082
            ],
            [
                0.2570937023122093,
                0.24914287635173593,
                0.24920703980316328,
                0.24293563233396082,
                0.0016207491989306266
            ]
        ]
    ],
    [
        [
            -0.23658516302209676,
            -0.24612016272077586,
            -0.25009590584059055,
            -0.2648663775064579
        ],
        [
            [
                0.0006042091197264732,
                0.2412329888240139,
                0.2518770027422571,
                0.25504068318128287,
                0.2512451161327196
            ],
            [
                0.2412329888240139,
                0.0007511057667803911,
                0.2569102067684029,
                0.25070251429628077,
                0.2504031843445221
            ],
            [
                0.2518770027422571,
                0.2569102067684029,
                0.00013952485920021296,
                0.2431360294793311,
                0.24793723615080865
            ],
            [
                0.25504068318128287,
                0.25070251429628077,
                0.2431360294793311,
                0.0007719304177635777,
                0.2503488426253417
            ],
            [
                0.2512451161327196,
                0.2504031843445221,
                0.24793723615080865,
                0.2503488426253417,
                6.562074660809714e-05
            ]
        ]
    ],
    [
        [
            0.996275693169171,
            0.9942329636090269,
            0.9811021472217916,
            0.9286082841815649
        ],
        [
            [
                0.9856565225381521,
                0.0017472129284103466,
                0.0010592484441256933,
                0.011251530848773894,
                0.00028548524053800817
            ],
            [
                0.0017472129284103466,
                0.996268340310804,
                0.00042937441915386065,
                0.001388294348533492,
                0.00016677799309827712
            ],
            [
                0.0010592484441256933,
                0.00042937441915386065,
                0.9674237709775431,
                0.030439445190026393,
                0.0006481609691510459
            ],
            [
                0.011251530848773894,
                0.001388294348533492,
                0.030439445190026393,
                0.9544458040852536,
                0.0024749255274126303
            ],
            [
                0.00028548524053800817,
                0.00016677799309827712,
                0.0006481609691510459,
                0.0024749255274126303,
                0.9964246502698
            ]
        ]
    ],
    [
        [
            0.9950615420269364,
            0.9927824244758217,
            0.9875432940272947,
            0.9333899032406863
        ],
        [
            [
                0.995081015417022,
                0.001168581642027322,
                0.00023694324827416846,
                0.0019218424216272956,
                0.0015916172710492282
            ],
            [
                0.001168581642027322,
                0.9664896327843254,
                0.00026748922665265074,
                0.0024718826749959844,
                0.029602413671998618
            ],
            [
                0.00023694324827416846,
                0.00026748922665265074,
                0.9921682820652398,
                0.00023700367716461557,
                0.00709028178266885
            ],
            [
                0.0019218424216272956,
                0.0024718826749959844,
                0.00023700367716461557,
                0.9943459087280403,
                0.0010233624981718092
            ],
            [
                0.0015916172710492282,
                0.029602413671998618,
                0.00709028178266885,
                0.0010233624981718092,
                0.9606923247761114
            ]
        ]
    ],
    [
        [
            0.998783362359001,
            0.9980489279386378,
            0.995457445922464,
            0.9745149837019492
        ],
        [
            [
                0.9986133034093665,
                0.00016513266111867209,
                0.000364612366082373,
                0.00020794669571283508,
                0.0006490048677195714
            ],
            [
                0.00016513266111867209,
                0.9865597474889543,
                0.0004309708702138204,
                0.012362774752538941,
                0.0004813742271743693
            ],
            [
                0.000364612366082373,
                0.0004309708702138204,
                0.9973906787844649,
                9.219554957734521e-05,
                0.00172154242966166
            ],
            [
                0.00020794669571283508,
                0.012362774752538941,
                9.219554957734521e-05,
                0.9872149973829958,
                0.00012208561917503857
            ],
            [
                0.0006490048677195714,
                0.0004813742271743693,
                0.00172154242966166,
                0.00012208561917503857,
                0.9970259928562694
            ]
        ]
    ],
    [
        [
            0.9992103944183103,
            0.9987038923651124,
            0.9973592604217169,
            0.9880301233334366
        ],
        [
            [
                0.9991511560886661,
                0.0002881833927708133,
                0.00027366940601564194,
                1.1424840632046074e-05,
                0.0002755662719154395
            ],
            [
                0.0002881833927708133,
                0.9937436657297416,
                0.005257149373777914,
                0.0005071836708688271,
                0.00020381783284090238
            ],
            [
                0.00027366940601564194,
                0.005257149373777914,
                0.9929911294339758,
                0.00019978984469321004,
                0.0012782619415374064
            ],
            [
                1.1424840632046074e-05,
                0.0005071836708688271,
                0.00019978984469321004,
                0.9992284834881453,
                5.3118155660669686e-05
            ],
            [
                0.0002755662719154395,
                0.00020381783284090238,
                0.0012782619415374064,
                5.3118155660669686e-05,
                0.9981892357980455
            ]
        ]
    ]
]