[
    [
        [
            0.9998674282807659,
            -0.9998249040975539,
            -0.9999115588156663
        ],
        [
            [
                2.8661236295191017e-05,
                0.9999007250186628,
                1.3094337307784087e-06,
                6.93043113111913e-05
            ],
            [
                0.9999007250186628,
                3.7316379707386105e-05,
                4.030628401996417e-05,
                2.1652317609865968e-05
            ],
            [
                1.3094337307784087e-06,
                4.030628401996417e-05,
                5.7164331356496234e-05,
                0.9999012199508928
            ],
            [
                6.93043113111913e-05,
                2.1652317609865968e-05,
                0.9999012199508928,
                7.823420186126029e-06
            ]
        ]
    ],
    [
        [
            0.9992458586448391,
            -0.9986950088498389,
            -0.9995700122985269
        ],
        [
            [
                3.9658032520373254e-05,
                0.9995956468590586,
                7.466377978077032e-05,
                0.00029003132864025005
            ],
            [
                0.9995956468590586,
                1.4875161616023647e-05,
                0.00012480977024653672,
                0.00026466820907888877
            ],
            [
                7.466377978077032e-05,
                0.00012480977024653672,
                0.0006407651450142104,
                0.9991597613049585
            ],
            [
                0.00029003132864025005,
                0.00026466820907888877,
                0.9991597613049585,
                0.00028553915732232316
            ]
        ]
    ],
    [
        [
            0.9998251732404629,
            -0.9993010802877151,
            -0.999860160503857
        ],
        [
            [
                3.8887995079672777e-07,
                6.431065492407129e-05,
                0.9998857201925945,
                4.958027253065822e-05
            ],
            [
                6.431065492407129e-05,
                0.00031735603574611915,
                1.0847337334862761e-05,
                0.999607485971995
            ],
            [
                0.9998857201925945,
                1.0847337334862761e-05,
                5.334312389537743e-05,
                5.008934617523053e-05
            ],
            [
                4.958027253065822e-05,
                0.999607485971995,
                5.008934617523053e-05,
                0.00029284440929910893
            ]
        ]
    ],
    [
        [
            0.9994455322384876,
            -0.9989759377177745,
            -0.9994402506620631
        ],
        [
            [
                0.0001303316578651348,
                0.9995802714515644,
                0.00011400636906422346,
                0.0001753905215062801
            ],
            [
                0.9995802714515644,
                0.0001546484680479132,
                6.807773214362323e-05,
                0.0001970023482440464
            ],
            [
                0.00011400636906422346,
                6.807773214362323e-05,
                0.0004673362506399936,
                0.9993505796481521
            ],
            [
                0.0001753905215062801,
                0.0001970023482440464,
                0.9993505796481521,
                0.00027702748209756933
            ]
        ]
    ],
    [
        [
            0.9996520777936877,
            -0.9982005193013203,
            -0.9993789876458739
        ],
        [
            [
                0.0006988124538074292,
                0.0002366369068675378,
                0.9990196325978089,
                4.491804151607326e-05
            ],
            [
                0.0002366369068675378,
                0.0001599648524102104,
                7.2549457620363356e-06,
                0.9995961432949603
            ],
            [
                0.9990196325978089,
                7.2549457620363356e-06,
                0.0009139836665905676,
                5.912878983843628e-05
            ],
            [
                4.491804151607326e-05,
                0.9995961432949603,
                5.912878983843628e-05,
                0.000299809873685275
            ]
        ]
    ],
    [
        [
            0.9994268076527579,
            -0.9984199736893785,
            -0.9990169372490606
        ],
        [
            [
                0.0006234504238913363,
                0.0002708733841443878,
                0.9990966873530128,
                8.988838951395905e-06
            ],
            [
                0.0002708733841443878,
                0.0002958453979482467,
                9.811611444798807e-05,
                0.9993351651034593
            ],
            [
                0.9990966873530128,
                9.811611444798807e-05,
                0.0006099756837145698,
                0.00019522084882461765
            ],
            [
                8.988838951395905e-06,
                0.9993351651034593,
                0.00019522084882461765,
                0.0004606252087646645
            ]
        ]
    ],
    [
        [
            0.9998113749187733,
            -0.983400181228728,
            -0.9956362001989489
        ],
        [
            [
                0.002154466460419613,
                9.997089385538338e-06,
                6.479708920986704e-05,
                0.9977707393609849
            ],
            [
                9.997089385538338e-06,
                0.008236673797168526,
                0.99165313817626,
                0.00010019093718593997
            ],
            [
                6.479708920986704e-05,
                0.99165313817626,
                0.008268424133104912,
                1.3640601425168875e-05
            ],
            [
                0.9977707393609849,
                0.00010019093718593997,
                1.3640601425168875e-05,
                0.002115429100403965
            ]
        ]
    ],
    [
        [
            0.9983915348171634,
            -0.9584410503159883,
            -0.998757670263323
        ],
        [
            [
                0.020802871776920417,
                0.0002611520447577398,
                0.9788199092144235,
                0.00011606696389837579
            ],
            [
                0.0002611520447577398,
                0.0004404763657812616,
                0.0003233879212938273,
                0.9989749836681672
            ],
            [
                0.9788199092144235,
                0.0003233879212938273,
                0.019948609795749195,
                0.0009080930685334554
            ],
            [
                0.00011606696389837579,
                0.9989749836681672,
                0.0009080930685334554,
                8.562994009420066e-07
            ]
        ]
    ],
    [
        [
            0.9990298390119512,
            -0.9398722039742045,
            -0.9977853452426823
        ],
        [
            [
                0.02997096660996945,
                0.00014473421425792443,
                0.9696937688070353,
                0.00019053036873728502
            ],
            [
                0.00014473421425792443,
                0.0007483775278598337,
                0.00045699973076251954,
                0.9986498885271197
            ],
            [
                0.9696937688070353,
                0.00045699973076251954,
                0.02967129800764723,
                0.00017793345455502374
            ],
            [
                0.00019053036873728502,
                0.9986498885271197,
                0.00017793345455502374,
                0.00098164764958808
            ]
        ]
    ],
    [
        [
            0.9982792701765685,
            -0.9175804260261722,
            -0.9980812866597084
        ],
        [
            [
                0.040111211386222534,
                0.0003173199834519691,
                0.0012104824866277508,
                0.9583609861436977
            ],
            [
                0.0003173199834519691,
                0.0009577587621606432,
                0.9986088579178541,
                0.0001160633365332453
            ],
            [
                0.0012104824866277508,
                0.9986088579178541,
                0.00010314820902723731,
                7.75113864907584e-05
            ],
            [
                0.9583609861436977,
                0.0001160633365332453,
                7.75113864907584e-05,
                0.04144543913327836
            ]
        ]
    ],
    [
        [
            0.99636370694635,
            -0.9303845426971701,
            -0.9647311167308553
        ],
        [
            [
                0.016112991921045206,
                0.9814333924866586,
                0.00020118679898606384,
                0.0022524287933101683
            ],
            [
                0.9814333924866586,
                0.017382844984135226,
                0.0008113320820513081,
                0.00037243044715484785
            ],
            [
                0.00020118679898606384,
                0.0008113320820513081,
                0.034682275486285885,
                0.9643052056326767
            ],
            [
                0.0022524287933101683,
                0.00037243044715484785,
                0.9643052056326767,
                0.033069935126858185
            ]
        ]
    ],
    [
        [
            0.9986123081102765,
            -0.8888352148972136,
            -0.988640960503351
        ],
        [
            [
                0.05472633564491325,
                0.0005673628949498521,
                0.0006357529894345793,
                0.9440705484707024
            ],
            [
                0.0005673628949498521,
                0.005282218160529206,
                0.9939734160546744,
                0.00017700288984656698
            ],
            [
                0.0006357529894345793,
                0.9939734160546744,
                0.005382980610354471,
                7.850345536575265e-06
            ],
            [
                0.9440705484707024,
                0.00017700288984656698,
                7.850345536575265e-06,
                0.05574459829391443
            ]
        ]
    ],
    [
        [
            0.9987902099121954,
            -0.8618827374149041,
            -0.9950390533167136
        ],
        [
            [
                0.06879306365975302,
                0.9306390121514668,
                0.0001747294338089178,
                0.0003931947549712378
            ],
            [
                0.9306390121514668,
                0.06871911673689901,
                0.0003690840290632713,
                0.00027278708257100215
            ],
            [
                0.0001747294338089178,
                0.0003690840290632713,
                0.002239203579297966,
                0.9972169829578298
            ],
            [
                0.0003931947549712378,
                0.00027278708257100215,
                0.9972169829578298,
                0.002117035204628026
            ]
        ]
    ],
    [
        [
            0.9961315708502025,
            -0.845110473283629,
            -0.9895501335177801
        ],
        [
            [
                0.0053510816791686455,
                0.9938002873606437,
                0.0002804177800651564,
                0.0005682131801224566
            ],
            [
                0.9938002873606437,
                0.0031774652630667255,
                0.0027325868388932695,
                0.00028966053739637454
            ],
            [
                0.0002804177800651564,
                0.0027325868388932695,
                0.07539364310255947,
                0.9215933522784822
            ],
            [
                0.0005682131801224566,
                0.00028966053739637454,
                0.9215933522784822,
                0.07754877400399907
            ]
        ]
    ],
    [
        [
            0.9990436937111168,
            -0.820988653581311,
            -0.9964544636440755
        ],
        [
            [
                0.0015930877967266222,
                0.9979877947585716,
                0.0003357276228939665,
                8.338982180788879e-05
            ],
            [
                0.9979877947585716,
                0.0014750017714620922,
                4.177369812646825e-05,
                0.000495429771839917
            ],
            [
                0.0003357276228939665,
                4.177369812646825e-05,
                0.08936690259508417,
                0.9102555960838954
            ],
            [
                8.338982180788879e-05,
                0.000495429771839917,
                0.9102555960838954,
                0.0891655843224568
            ]
        ]
    ],
    [
        [
            0.9984200604285967,
            -0.8017307190061921,
            -0.9943175060699678
        ],
        [
            [
                0.0988265416125994,
                0.0004825966242134605,
                0.9004707512370862,
                0.00022011052610093618
            ],
            [
                0.0004825966242134605,
                0.002570136983863991,
                0.00018389863890910796,
                0.9967633677530134
            ],
            [
                0.9004707512370862,
                0.00018389863890910796,
                0.09865199257954593,
                0.0006933575444587614
            ],
            [
                0.00022011052610093618,
                0.9967633677530134,
                0.0006933575444587614,
                0.002323164176426862
            ]
        ]
    ],
    [
        [
            0.997356702941135,
            -0.7863602285936503,
            -0.9890294748831249
        ],
        [
            [
                0.0044497176565488905,
                0.9938533637432027,
                0.0008066795874495658,
                0.0008902390127988324
            ],
            [
                0.9938533637432027,
                0.005199861996137978,
                3.913840159169846e-05,
                0.0009076358590675571
            ],
            [
                0.0008066795874495658,
                3.913840159169846e-05,
                0.1066347383472489,
                0.8925194436637098
            ],
            [
                0.0008902390127988324,
                0.0009076358590675571,
                0.8925194436637098,
                0.10568268146442383
            ]
        ]
    ],
    [
        [
            0.9995598188124167,
            -0.7590588728409091,
            -0.9987140815419042
        ],
        [
            [
                0.0006843214290472854,
                0.9992469634005541,
                6.056660640213485e-05,
                8.148563996390745e-06
            ],
            [
                0.9992469634005541,
                0.0003815465368994797,
                0.0001283246719742115,
                0.00024316539057217534
            ],
            [
                6.056660640213485e-05,
                0.0001283246719742115,
                0.12039170956992429,
                0.8794193991516994
            ],
            [
                8.148563996390745e-06,
                0.00024316539057217534,
                0.8794193991516994,
                0.12032928689373201
            ]
        ]
    ],
    [
        [
            0.9987471949611101,
            -0.7426413416001407,
            -0.9939718195454252
        ],
        [
            [
                0.12835790046278484,
                0.0005938593294568251,
                0.8710076733323501,
                4.0566875408265535e-05
            ],
            [
                0.0005938593294568251,
                0.0024776199528037113,
                0.0002560662033921912,
                0.9966724545143473
            ],
            [
                0.8710076733323501,
                0.0002560662033921912,
                0.12837389762698392,
                0.0003623628372737553
            ],
            [
                4.0566875408265535e-05,
                0.9966724545143473,
                0.0003623628372737553,
                0.0029246157729707623
            ]
        ]
    ],
    [
        [
            0.9969888645914612,
            -0.7259885228817665,
            -0.9879149130260167
        ],
        [
            [
                0.0050924427395266925,
                0.001697982029658096,
                0.9932035672417101,
                6.0079891051612044e-06
            ],
            [
                0.001697982029658096,
                0.1351851892657695,
                0.0008756073228199934,
                0.8622412213817524
            ],
            [
                0.9932035672417101,
                0.0008756073228199934,
                0.005487925742354127,
                0.0004328996931158291
            ],
            [
                6.0079891051612044e-06,
                0.8622412213817524,
                0.0004328996931158291,
                0.1373198709360266
            ]
        ]
    ],
    [
        [
            0.9993032609381296,
            -0.6992545202406908,
            -0.9978506213616593
        ],
        [
            [
                0.14990970993415575,
                0.0004290516268448119,
                0.8494530137407736,
                0.00020822469822573408
            ],
            [
                0.0004290516268448119,
                0.0007770227633403515,
                4.285158593864136e-05,
                0.9987510740238762
            ],
            [
                0.8494530137407736,
                4.285158593864136e-05,
                0.15048741001683696,
                1.6724656450695097e-05
            ],
            [
                0.00020822469822573408,
                0.9987510740238762,
                1.6724656450695097e-05,
                0.0010239766214474866
            ]
        ]
    ],
    [
        [
            0.9989513423965735,
            -0.6772675627809165,
            -0.9983749575387857
        ],
        [
            [
                0.0007073533756871697,
                0.00018530515102033185,
                0.00018204748050243413,
                0.9989252939927901
            ],
            [
                0.00018530515102033185,
                0.16113300674514697,
                0.8383716116862938,
                0.0003100764175388848
            ],
            [
                0.00018204748050243413,
                0.8383716116862938,
                0.1610750865997851,
                0.0003712542334186608
            ],
            [
                0.9989252939927901,
                0.0003100764175388848,
                0.0003712542334186608,
                0.00039337535625239006
            ]
        ]
    ],
    [
        [
            0.9955494123179174,
            -0.6644638216690192,
            -0.988114604988714
        ],
        [
            [
                0.004791220448977729,
                0.9929429703037557,
                0.0012759529795847158,
                0.0009898562676818878
            ],
            [
                0.9929429703037557,
                0.004871642526612208,
                0.00023980528729661277,
                0.0019455818823355675
            ],
            [
                0.0012759529795847158,
                0.00023980528729661277,
                0.1673639012838658,
                0.8311203404492529
            ],
            [
                0.0009898562676818878,
                0.0019455818823355675,
                0.8311203404492529,
                0.16594422140072962
            ]
        ]
    ],
    [
        [
            0.9991113907815488,
            -0.6375111934217418,
            -0.9988559914817681
        ],
        [
            [
                0.18100502131479923,
                0.8185336091928104,
                8.089244409514862e-05,
                0.00038047704829524687
            ],
            [
                0.8185336091928104,
                0.18103914857436143,
                0.00040976459118180486,
                1.747764164633514e-05
            ],
            [
                8.089244409514862e-05,
                0.00040976459118180486,
                0.00030366682177118687,
                0.9992056761429519
            ],
            [
                0.00038047704829524687,
                1.747764164633514e-05,
                0.9992056761429519,
                0.00039636916710650283
            ]
        ]
    ],
    [
        [
            0.9988894396663448,
            -0.6168633819005287,
            -0.9991717921843554
        ],
        [
            [
                0.19139055280548178,
                0.8081542435460267,
                9.636348300484654e-05,
                0.0003588401654865958
            ],
            [
                0.8081542435460267,
                0.19119036916028442,
                0.0005938269127873652,
                6.156038090143756e-05
            ],
            [
                9.636348300484654e-05,
                0.0005938269127873652,
                1.7768831452880107e-06,
                0.9993080327210625
            ],
            [
                0.0003588401654865958,
                6.156038090143756e-05,
                0.9993080327210625,
                0.0002715667325494664
            ]
        ]
    ],
    [
        [
            0.9979918622199753,
            -0.5952873517726173,
            -0.9976034302434298
        ],
        [
            [
                0.20239074171485472,
                0.00018691358973271788,
                0.7971418148094411,
                0.0002805298859714367
            ],
            [
                0.00018691358973271788,
                0.00014290163611241358,
                0.0013713465856232676,
                0.9982988381885316
            ],
            [
                0.7971418148094411,
                0.0013713465856232676,
                0.2013168217661998,
                0.0001700168387357981
            ],
            [
                0.0002805298859714367,
                0.9982988381885316,
                0.0001700168387357981,
                0.0012506150867612753
            ]
        ]
    ],
    [
        [
            0.9980788042882097,
            -0.5765211484431855,
            -0.9970731394689404
        ],
        [
            [
                0.21182404681294353,
                0.7877802471223565,
                0.00024863279037190544,
                0.00014707327432800232
            ],
            [
                0.7877802471223565,
                0.21069340246100743,
                0.0013862003056424044,
                0.00014015011099371977
            ],
            [
                0.00024863279037190544,
                0.0013862003056424044,
                0.0003097286957203238,
                0.9980554382082654
            ],
            [
                0.00014707327432800232,
                0.00014015011099371977,
                0.9980554382082654,
                0.0016573384064129115
            ]
        ]
    ],
    [
        [
            0.9984480449126107,
            -0.5607037893683551,
            -0.9944446192570813
        ],
        [
            [
                0.0019607254092488535,
                0.996833921833333,
                0.00017110997262748118,
                0.00103424278479064
            ],
            [
                0.996833921833333,
                0.0028190288184182233,
                0.00015289951497421406,
                0.0001941498332746483
            ],
            [
                0.00017110997262748118,
                0.00015289951497421406,
                0.21971213259498545,
                0.7799638579174129
            ],
            [
                0.00103424278479064,
                0.0001941498332746483,
                0.7799638579174129,
                0.21880774946452186
            ]
        ]
    ],
    [
        [
            0.9985753850450384,
            -0.537450674102606,
            -0.9982030864976985
        ],
        [
            [
                0.23060265379561118,
                0.0002804494492166243,
                0.7683691462464484,
                0.0007477505087238878
            ],
            [
                0.0002804494492166243,
                0.0007531472985675691,
                0.0002211510180711862,
                0.9987452522341446
            ],
            [
                0.7683691462464484,
                0.0002211510180711862,
                0.23123426441445183,
                0.00017543832102856483
            ],
            [
                0.0007477505087238878,
                0.9987452522341446,
                0.00017543832102856483,
                0.000331558936103038
            ]
        ]
    ],
    [
        [
            0.999334195266167,
            -0.5184682911074971,
            -0.9975826736673947
        ],
        [
            [
                0.0009184867980842615,
                0.00010996992687506424,
                0.9986248281597356,
                0.00034671511530509624
            ],
            [
                0.00010996992687506424,
                0.24062675814309098,
                0.00019553640166219965,
                0.7590677355283717
            ],
            [
                0.9986248281597356,
                0.00019553640166219965,
                0.001166035816189126,
                1.3599622413096313e-05
            ],
            [
                0.00034671511530509624,
                0.7590677355283717,
                1.3599622413096313e-05,
                0.24057194973391005
            ]
        ]
    ],
    [
        [
            0.9943223429998455,
            -0.4955548734192196,
            -0.9955897758230239
        ],
        [
            [
                0.0012904692591801936,
                0.0004468204629726191,
                0.9963728991134365,
                0.0018898111644106708
            ],
            [
                0.0004468204629726191,
                0.2507006527567326,
                0.002492196722610085,
                0.7463603300576847
            ],
            [
                0.9963728991134365,
                0.002492196722610085,
                0.000285808563868839,
                0.0008490956000845595
            ],
            [
                0.0018898111644106708,
                0.7463603300576847,
                0.0008490956000845595,
                0.2509007631778202
            ]
        ]
    ],
    [
        [
            0.9978130538346517,
            -0.47599178562163286,
            -0.9979040621567834
        ],
        [
            [
                0.0002586751674873433,
                0.0010485454189520516,
                0.9984050764087624,
                0.0002877030047982454
            ],
            [
                0.0010485454189520516,
                0.26074634748461467,
                0.0007564779234300323,
                0.7374486291730032
            ],
            [
                0.9984050764087624,
                0.0007564779234300323,
                0.0007434806248711734,
                9.496504293632357e-05
            ],
            [
                0.0002877030047982454,
                0.7374486291730032,
                9.496504293632357e-05,
                0.2621687027792623
            ]
        ]
    ],
    [
        [
            0.9991441438485844,
            -0.456543200649953,
            -0.9993178738113523
        ],
        [
            [
                0.000181950689256416,
                5.074703846030815e-07,
                0.9994448272333426,
                0.00037271460701643333
            ],
            [
                5.074703846030815e-07,
                0.2714921996505708,
                0.00044951462260034436,
                0.7280577782564442
            ],
            [
                0.9994448272333426,
                0.00044951462260034436,
                7.253502748505447e-05,
                3.312311657205358e-05
            ],
            [
                0.00037271460701643333,
                0.7280577782564442,
                3.312311657205358e-05,
                0.2715363840199674
            ]
        ]
    ],
    [
        [
            0.9981013341395442,
            -0.4352108151880107,
            -0.9973343880651565
        ],
        [
            [
                0.28213495870984895,
                0.71713067915861,
                0.000512799343694581,
                0.00022156278784657424
            ],
            [
                0.71713067915861,
                0.28170489137525956,
                0.0006837261398038308,
                0.0004807033263266036
            ],
            [
                0.000512799343694581,
                0.0006837261398038308,
                0.0006110107159718048,
                0.9981924638005298
            ],
            [
                0.00022156278784657424,
                0.0004807033263266036,
                0.9981924638005298,
                0.0011052700852969277
            ]
        ]
    ],
    [
        [
            0.9966661855381016,
            -0.4179316201582001,
            -0.9950942054056696
        ],
        [
            [
                0.002530816582839268,
                0.00018794578334702106,
                0.9967125186102574,
                0.0005687190235562634
            ],
            [
                0.00018794578334702106,
                0.2910905627896544,
                0.0005899575012046077,
                0.708131533925794
            ],
            [
                0.9967125186102574,
                0.0005899575012046077,
                0.0007083787198131075,
                0.0019891451687248374
            ],
            [
                0.0005687190235562634,
                0.708131533925794,
                0.0019891451687248374,
                0.2893106018819249
            ]
        ]
    ],
    [
        [
            0.9983155236908878,
            -0.3959285797359192,
            -0.9984201807942885
        ],
        [
            [
                0.301268145044569,
                0.00019211483872288992,
                0.0009964353543727156,
                0.6975433047623354
            ],
            [
                0.00019211483872288992,
                0.0005968808220013777,
                0.9987886134880244,
                0.0004223908512512309
            ],
            [
                0.0009964353543727156,
                0.9987886134880244,
                0.00014119203264961744,
                7.375912495322101e-05
            ],
            [
                0.6975433047623354,
                0.0004223908512512309,
                7.375912495322101e-05,
                0.3019605452614601
            ]
        ]
    ],
    [
        [
            0.9991010051105547,
            -0.37697771381239387,
            -0.9984033272940229
        ],
        [
            [
                0.000484307088697733,
                0.9989768541726938,
                0.0004841747085026493,
                5.4664030105733286e-05
            ],
            [
                0.9989768541726938,
                0.0006627699909338425,
                0.00034709829251600155,
                1.327754385643809e-05
            ],
            [
                0.0004841747085026493,
                0.00034709829251600155,
                0.3109047777487246,
                0.6882639492502567
            ],
            [
                5.4664030105733286e-05,
                1.327754385643809e-05,
                0.6882639492502567,
                0.31166810917578114
            ]
        ]
    ],
    [
        [
            0.9986885148064759,
            -0.3540335629939051,
            -0.9990626216006754
        ],
        [
            [
                0.32295462101099714,
                0.0002510590017715808,
                0.6766888063299484,
                0.00010551365728284079
            ],
            [
                0.0002510590017715808,
                4.648675585583462e-06,
                0.0005408999043090001,
                0.9992033924183339
            ],
            [
                0.6766888063299484,
                0.0005408999043090001,
                0.3223561301833361,
                0.00041416358240653484
            ],
            [
                0.00010551365728284079,
                0.9992033924183339,
                0.00041416358240653484,
                0.0002769303419767333
            ]
        ]
    ],
    [
        [
            0.9996781185346277,
            -0.336029616801299,
            -0.9994856974606686
        ],
        [
            [
                0.00013766300080297889,
                0.00016487995440100933,
                3.5084383316508205e-05,
                0.9996623726614795
            ],
            [
                0.00016487995440100933,
                0.33183552568939034,
                0.6679343350449369,
                6.525931127177031e-05
            ],
            [
                3.5084383316508205e-05,
                0.6679343350449369,
                0.33197391406348264,
                5.666650826385844e-05
            ],
            [
                0.9996623726614795,
                6.525931127177031e-05,
                5.666650826385844e-05,
                0.00021570151898486767
            ]
        ]
    ],
    [
        [
            0.9987545669870626,
            -0.3163136774943053,
            -0.9984035902441135
        ],
        [
            [
                0.000193474952108863,
                0.0008331533147883374,
                8.318553494118808e-05,
                0.9988901861981616
            ],
            [
                0.0008331533147883374,
                0.3412391277497152,
                0.6578455148052605,
                8.220413023585227e-05
            ],
            [
                8.318553494118808e-05,
                0.6578455148052605,
                0.3418241932675077,
                0.00024710639229069686
            ],
            [
                0.9988901861981616,
                8.220413023585227e-05,
                0.00024710639229069686,
                0.0007805032793117839
            ]
        ]
    ],
    [
        [
            0.9989011767209914,
            -0.2961420450546976,
            -0.998655592542783
        ],
        [
            [
                0.00018859979481322675,
                0.99905301937843,
                0.0005746333260140957,
                0.00018374750074268142
            ],
            [
                0.99905301937843,
                0.0006064005867600919,
                0.00022142998409130366,
                0.00011915005071844176
            ],
            [
                0.0005746333260140957,
                0.00022142998409130366,
                0.35140768649164666,
                0.6477962501982479
            ],
            [
                0.00018374750074268142,
                0.00011915005071844176,
                0.6477962501982479,
                0.3519008522502909
            ]
        ]
    ],
    [
        [
            0.9987439702244103,
            -0.27528875544880244,
            -0.9979345847288115
        ],
        [
            [
                0.0005492221068158498,
                9.007253486403854e-06,
                0.000788662494711545,
                0.9986531081449862
            ],
            [
                9.007253486403854e-06,
                0.3624869076963325,
                0.6373302070406949,
                0.0001738780094862058
            ],
            [
                0.000788662494711545,
                0.6373302070406949,
                0.36159630843135704,
                0.00028482203323654254
            ],
            [
                0.9986531081449862,
                0.0001738780094862058,
                0.00028482203323654254,
                0.0008881918122910504
            ]
        ]
    ],
    [
        [
            0.9994330253119028,
            -0.25546986680963746,
            -0.9992838621796508
        ],
        [
            [
                0.00022369777757891285,
                0.00011562945741633301,
                0.9995001729166142,
                0.00016049984839067166
            ],
            [
                0.00011562945741633301,
                0.3720373120096808,
                0.00025386614105821215,
                0.6275931923918446
            ],
            [
                0.9995001729166142,
                0.00025386614105821215,
                0.00020896985895935138,
                3.699108336818746e-05
            ],
            [
                0.00016049984839067166,
                0.6275931923918446,
                3.699108336818746e-05,
                0.37220931667639645
            ]
        ]
    ],
    [
        [
            0.9979438082161181,
            -0.2351809010450966,
            -0.9982444492283269
        ],
        [
            [
                0.00045031104307136083,
                9.206229427083379e-05,
                0.0008496830700215896,
                0.9986079435926362
            ],
            [
                9.206229427083379e-05,
                0.3820823981898568,
                0.6170765713856459,
                0.0007489681302265128
            ],
            [
                0.0008496830700215896,
                0.6170765713856459,
                0.3817082029884815,
                0.00036554255585102835
            ],
            [
                0.9986079435926362,
                0.0007489681302265128,
                0.00036554255585102835,
                0.0002775457212862431
            ]
        ]
    ],
    [
        [
            0.9991503127859745,
            -0.21625608323920337,
            -0.9977574507644015
        ],
        [
            [
                0.0008638046144959777,
                0.0004423646708781037,
                0.9986662371184236,
                2.7593596202246662e-05
            ],
            [
                0.0004423646708781037,
                0.39155122489378713,
                9.074547866111393e-05,
                0.6079156649566737
            ],
            [
                0.9986662371184236,
                9.074547866111393e-05,
                0.0009540126149392147,
                0.0002890047879760549
            ],
            [
                2.7593596202246662e-05,
                0.6079156649566737,
                0.0002890047879760549,
                0.3917677366591481
            ]
        ]
    ],
    [
        [
            0.9989319496553749,
            -0.19556550705850811,
            -0.9983122084452242
        ],
        [
            [
                0.4021768903140991,
                0.00012087965063983797,
                0.00018653188907685747,
                0.5975156981461842
            ],
            [
                0.00012087965063983797,
                0.0009378677796223478,
                0.9988889179654918,
                5.2334604246029315e-05
            ],
            [
                0.00018653188907685747,
                0.9988889179654918,
                0.00021602947689169927,
                0.0007085206685396583
            ],
            [
                0.5975156981461842,
