[
    [
        [
            -0.28277919465956347,
            -0.2952152862439917,
            -0.3222672487903901
        ],
        [
            [
                0.015706996525586048,
                0.33104619624440834,
                0.33418166985982517,
                0.3190651373701805
            ],
            [
                0.33104619624440834,
                0.03173982524397401,
                0.3119485672111428,
                0.3252654113004749
            ],
            [
                0.33418166985982517,
                0.3119485672111428,
                0.02524588006809103,
                0.32862388286094096
            ],
            [
                0.3190651373701805,
                0.3252654113004749,
                0.32862388286094096,
                0.02704556846840367
            ]
        ]
    ],
    [
        [
            -0.26151747616499293,
            -0.3012177234742373,
            -0.3182717002793786
        ],
        [
            [
                0.013676593148353344,
                0.3355148334455766,
                0.32508626263292906,
                0.325722310773141
            ],
            [
                0.3355148334455766,
                0.03334985941418367,
                0.3041903648198259,
                0.3269449423204139
            ],
            [
                0.32508626263292906,
                0.3041903648198259,
                0.04767863657982674,
                0.32304473596741823
            ],
            [
                0.325722310773141,
                0.3269449423204139,
                0.32304473596741823,
                0.024288010939026883
            ]
        ]
    ],
    [
        [
            -0.2665592530965316,
            -0.283704882077816,
            -0.309790932246721
        ],
        [
            [
                0.03399444505656968,
                0.33188761526443894,
                0.32119112306018993,
                0.3129268166188015
            ],
            [
                0.33188761526443894,
                0.03330628863455276,
                0.3081854145009219,
                0.32662068160008645
            ],
            [
                0.32119112306018993,
                0.3081854145009219,
                0.041407579772792524,
                0.3292158826660957
            ],
            [
                0.3129268166188015,
                0.32662068160008645,
                0.3292158826660957,
                0.031236619115016295
            ]
        ]
    ],
    [
        [
            -0.23986105367548963,
            -0.29819717369114535,
            -0.3016917002882451
        ],
        [
            [
                0.04862504908026233,
                0.31713582742559027,
                0.3358742831122953,
                0.29836484038185207
            ],
            [
                0.31713582742559027,
                0.028554693366570127,
                0.32180704391081694,
                0.3325024352970228
            ],
            [
                0.3358742831122953,
                0.32180704391081694,
                0.028128139277024955,
                0.31419053369986283
            ],
            [
                0.29836484038185207,
                0.3325024352970228,
                0.31419053369986283,
                0.054942190621262266
            ]
        ]
    ],
    [
        [
            -0.255141172354105,
            -0.26916590702778953,
            -0.2954795353978789
        ],
        [
            [
                0.05536484112350404,
                0.31733220709482646,
                0.31718001166377585,
                0.31012294011789365
            ],
            [
                0.31733220709482646,
                0.04071131413525797,
                0.3285801596165459,
                0.3133763191533696
            ],
            [
                0.31718001166377585,
                0.3285801596165459,
                0.030938158976203,
                0.32330166974347513
            ],
            [
                0.31012294011789365,
                0.3133763191533696,
                0.32330166974347513,
                0.053199070985261665
            ]
        ]
    ],
    [
        [
            -0.23443767605401894,
            -0.26152826011543534,
            -0.3044786682779613
        ],
        [
            [
                0.05726352722220418,
                0.32119126335355724,
                0.3071705562813044,
                0.31437465314293417
            ],
            [
                0.32119126335355724,
                0.036156466793693554,
                0.3047834195766586,
                0.33786885027609065
            ],
            [
                0.3071705562813044,
                0.3047834195766586,
                0.07321246454887409,
                0.3148335595931628
            ],
            [
                0.31437465314293417,
                0.33786885027609065,
                0.3148335595931628,
                0.032922936987812346
            ]
        ]
    ],
    [
        [
            -0.24171704157978824,
            -0.2550710964448912,
            -0.28286580132496
        ],
        [
            [
                0.06619465294928517,
                0.3096498581895877,
                0.3177211545300376,
                0.3064343343310895
            ],
            [
                0.3096498581895877,
                0.060676040424587296,
                0.3095786702710016,
                0.3200954311148234
            ],
            [
                0.3177211545300376,
                0.3095786702710016,
                0.04635265396068067,
                0.32634752123828015
            ],
            [
                0.3064343343310895,
                0.3200954311148234,
                0.32634752123828015,
                0.04712271331580686
            ]
        ]
    ],
    [
        [
            -0.2258465796128099,
            -0.25978021573116167,
            -0.27397643184310416
        ],
        [
            [
                0.05125205985394943,
                0.32278802907408705,
                0.3122534914916533,
                0.3137064195803102
            ],
            [
                0.32278802907408705,
                0.05989379810361051,
                0.320691628864403,
                0.2966265439578995
            ],
            [
                0.3122534914916533,
                0.320691628864403,
                0.05331937901875894,
                0.31373550062518474
            ],
            [
                0.3137064195803102,
                0.2966265439578995,
                0.31373550062518474,
                0.0759315358366055
            ]
        ]
    ],
    [
        [
            -0.22438089821099896,
            -0.23471814547936531,
            -0.2808126666107275
        ],
        [
            [
                0.05334785606987835,
                0.308355451737128,
                0.30676568790279246,
                0.33153100429020127
            ],
            [
                0.308355451737128,
                0.07888048074875698,
                0.30347632611611713,
                0.30928774139799786
            ],
            [
                0.30676568790279246,
                0.30347632611611713,
                0.0792183422747812,
                0.3105396437063093
            ],
            [
                0.33153100429020127,
                0.30928774139799786,
                0.3105396437063093,
                0.04864161060549166
            ]
        ]
    ],
    [
        [
            -0.21627886484628028,
            -0.23983410882070844,
            -0.26364678875998376
        ],
        [
            [
                0.07435410818266452,
                0.3211209934547387,
                0.3046604242013721,
                0.29986447416122464
            ],
            [
                0.3211209934547387,
                0.056475430847732655,
                0.31799368134890393,
                0.3044098943486246
            ],
            [
                0.3046604242013721,
                0.31799368134890393,
                0.06551548075110158,
                0.3118304136986223
            ],
            [
                0.29986447416122464,
                0.3044098943486246,
                0.3118304136986223,
                0.08389521779152842
            ]
        ]
    ],
    [
        [
            -0.19851118237117513,
            -0.23973716218719718,
            -0.2610667453810428
        ],
        [
            [
                0.06716979457031558,
                0.3091995089043131,
                0.30212294884839186,
                0.32150774767697937
            ],
            [
                0.3091995089043131,
                0.07146368913830425,
                0.2994641112343383,
                0.3198726907230443
            ],
            [
                0.30212294884839186,
                0.2994641112343383,
                0.10092240233462924,
                0.29749053758264055
            ],
            [
                0.32150774767697937,
                0.3198726907230443,
                0.29749053758264055,
                0.061129024017335776
            ]
        ]
    ],
    [
        [
            -0.2047903981242903,
            -0.22604064828180895,
            -0.24833352212769755
        ],
        [
            [
                0.08214273575124764,
                0.29470370635785104,
                0.31130345712339513,
                0.31185010076750624
            ],
            [
                0.29470370635785104,
                0.08667461717836078,
                0.31787737167802443,
                0.30074430478576375
            ],
            [
                0.31130345712339513,
                0.31787737167802443,
                0.06771582764422268,
                0.3031033435543578
            ],
            [
                0.31185010076750624,
                0.30074430478576375,
                0.3031033435543578,
                0.08430225089237231
            ]
        ]
    ],
    [
        [
            -0.20112819500368298,
            -0.21873466102946304,
            -0.23956679966310104
        ],
        [
            [
                0.08408136130135757,
                0.3011264207013877,
                0.3116928595702639,
                0.30309935842699093
            ],
            [
                0.3011264207013877,
                0.09873937164973112,
                0.30222007498329706,
                0.29791413266558414
            ],
            [
                0.3116928595702639,
                0.30222007498329706,
                0.07242508394583935,
                0.31366198150059965
            ],
            [
                0.30309935842699093,
                0.29791413266558414,
                0.31366198150059965,
                0.08532452740682528
            ]
        ]
    ],
    [
        [
            -0.1958244536158126,
            -0.21107124193360977,
            -0.23246133345264192
        ],
        [
            [
                0.08519230859878935,
                0.29602437058586767,
                0.30315898354327575,
                0.3156243372720673
            ],
            [
                0.29602437058586767,
                0.09344997283952461,
                0.308075166059041,
                0.30245049051556677
            ],
            [
                0.30315898354327575,
                0.308075166059041,
                0.09442068387246938,
                0.2943451665252138
            ],
            [
                0.3156243372720673,
                0.30245049051556677,
                0.2943451665252138,
                0.08758000568715218
            ]
        ]
    ],
    [
        [
            -0.18479883179374207,
            -0.1884773911841292,
            -0.24586009529588923
        ],
        [
            [
                0.10243256472768447,
                0.3149942255579135,
                0.2855746714274542,
                0.2969985382869477
            ],
            [
                0.3149942255579135,
                0.07140677483119462,
                0.3178453144855229,
                0.29575368512536904
            ],
            [
                0.2855746714274542,
                0.3178453144855229,
                0.09817828983335009,
                0.2984017242536729
            ],
            [
                0.2969985382869477,
                0.29575368512536904,
                0.2984017242536729,
                0.10884605233401023
            ]
        ]
    ],
    [
        [
            -0.17332448096832895,
            -0.19083529865468304,
            -0.23460909633354593
        ],
        [
            [
                0.07837997130042795,
                0.3154843666668041,
                0.3094825808692002,
                0.2966530811635678
            ],
            [
                0.3154843666668041,
                0.09584806979829297,
                0.28957203045399194,
                0.29909553308091097
            ],
            [
                0.3094825808692002,
                0.28957203045399194,
                0.11184854293300373,
                0.2890968457438041
            ],
            [
                0.2966530811635678,
                0.29909553308091097,
                0.2890968457438041,
                0.1151545400117171
            ]
        ]
    ],
    [
        [
            -0.16662419847834756,
            -0.20185353987473545,
            -0.21035216398715612
        ],
        [
            [
                0.11919624416103858,
                0.2820617948383811,
                0.2999555908082278,
                0.2987863701923525
            ],
            [
                0.2820617948383811,
                0.10922768590860499,
                0.30606368932628053,
                0.30264682992673336
            ],
            [
                0.2999555908082278,
                0.30606368932628053,
                0.09408004378734747,
                0.29990067607814425
            ],
            [
                0.2987863701923525,
                0.30264682992673336,
                0.29990067607814425,
                0.09866612380276996
            ]
        ]
    ],
    [
        [
            -0.15590028735421937,
            -0.18805268407680256,
            -0.21535497143099208
        ],
        [
            [
                0.09162672998063914,
                0.2969549651970336,
                0.3093140165155347,
                0.3021042883067925
            ],
            [
                0.2969549651970336,
                0.12328516334357831,
                0.29873643492425905,
                0.2810234365351289
            ],
            [
                0.3093140165155347,
                0.29873643492425905,
                0.100428718607948,
                0.2915208299522583
            ],
            [
                0.3021042883067925,
                0.2810234365351289,
                0.2915208299522583,
                0.12535144520582042
            ]
        ]
    ],
    [
        [
            -0.14771221388347677,
            -0.18794030395183103,
            -0.20307448170196962
        ],
        [
            [
                0.11818149930842359,
                0.3088112089570085,
                0.29617387753318214,
                0.2768334142013857
            ],
            [
                0.3088112089570085,
                0.11067471670802753,
                0.2901366518275535,
                0.2903774225074105
            ],
            [
                0.29617387753318214,
                0.2901366518275535,
                0.10665854589716606,
                0.30703092474209837
            ],
            [
                0.2768334142013857,
                0.2903774225074105,
                0.30703092474209837,
                0.1257582385491054
            ]
        ]
    ],
    [
        [
            -0.1471379132566321,
            -0.17323260026874016,
            -0.1985519127151178
        ],
        [
            [
                0.10182393506255605,
                0.2957478199600436,
                0.30160487755202736,
                0.30082336742537297
            ],
            [
                0.2957478199600436,
                0.12198441136344951,
                0.28602665168827834,
                0.2962411169882285
            ],
            [
                0.30160487755202736,
                0.28602665168827834,
                0.13335109125339994,
                0.2790173795062943
            ],
            [
                0.30082336742537297,
                0.2962411169882285,
                0.2790173795062943,
                0.12391813608010427
            ]
        ]
    ],
    [
        [
            -0.12776712517123523,
            -0.165673700844913,
            -0.20458036106683108
        ],
        [
            [
                0.11042255741151263,
                0.30633700546359544,
                0.30906479517593655,
                0.2741756419489554
            ],
            [
                0.30633700546359544,
                0.11533280875666696,
                0.2835094730616655,
                0.29482071271807203
            ],
            [
                0.30906479517593655,
                0.2835094730616655,
                0.12632276658913333,
                0.2811029651732646
            ],
            [
                0.2741756419489554,
                0.29482071271807203,
                0.2811029651732646,
                0.14990068015970803
            ]
        ]
    ],
    [
        [
            -0.12029718179358166,
            -0.1630537105742949,
            -0.19455749389761978
        ],
        [
            [
                0.11020030695755856,
                0.30275123063394216,
                0.2804465552847474,
                0.30660190712375196
            ],
            [
                0.30275123063394216,
                0.12308286797000234,
                0.2863875499497761,
                0.2877783514462794
            ],
            [
                0.2804465552847474,
                0.2863875499497761,
                0.15817729607122544,
                0.2749885986942511
            ],
            [
                0.30660190712375196,
                0.2877783514462794,
                0.2749885986942511,
                0.13063114273571763
            ]
        ]
    ],
    [
        [
            -0.12178844107787881,
            -0.16641267112115496,
            -0.17001630966828254
        ],
        [
            [
                0.1476926898917753,
                0.2762344292978807,
                0.27716219962217,
                0.298910681188174
            ],
            [
                0.2762344292978807,
                0.13371464192166238,
                0.3032593633489452,
                0.2867915654315117
            ],
            [
                0.27716219962217,
                0.3032593633489452,
                0.13282796498390825,
                0.2867504720449766
            ],
            [
                0.298910681188174,
                0.2867915654315117,
                0.2867504720449766,
                0.12754728133533766
            ]
        ]
    ],
    [
        [
            -0.11516807178626531,
            -0.14236977495941272,
            -0.18015624257860963
        ],
        [
            [
                0.12166060077477892,
                0.28511818403042943,
                0.2853136765003529,
                0.30790753869443876
            ],
            [
                0.28511818403042943,
                0.14438701024102019,
                0.28935626947693643,
                0.281138536251614
            ],
            [
                0.2853136765003529,
                0.28935626947693643,
                0.15531721431433843,
                0.27001283970837237
            ],
            [
                0.30790753869443876,
                0.281138536251614,
                0.27001283970837237,
                0.1409410853455748
            ]
        ]
    ],
    [
        [
            -0.11146134180237777,
            -0.14477479621697453,
            -0.16135460614728372
        ],
        [
            [
                0.14053325196055044,
                0.286119200960846,
                0.2837458116273014,
                0.28960173545130224
            ],
            [
                0.286119200960846,
                0.1560915164176575,
                0.2679867971338505,
                0.28980248548764603
            ],
            [
                0.2837458116273014,
                0.2679867971338505,
                0.15672804981647626,
                0.29153934142237187
            ],
            [
                0.28960173545130224,
                0.28980248548764603,
                0.29153934142237187,
                0.1290564376386798
            ]
        ]
    ],
    [
        [
            -0.10641674815663407,
            -0.14480680093123238,
            -0.1465466080409497
        ],
        [
            [
                0.14089009277789077,
                0.28565842315311446,
                0.28588961930041684,
                0.2875618647685779
            ],
            [
                0.28565842315311446,
                0.1633026560767631,
                0.28402082196455947,
                0.26701809880556293
            ],
            [
                0.28588961930041684,
                0.28402082196455947,
                0.1413533081628473,
                0.28873625057217644
            ],
            [
                0.2875618647685779,
                0.26701809880556293,
                0.28873625057217644,
                0.1566837858536827
            ]
        ]
    ],
    [
        [
            -0.10447353258071553,
            -0.12517015614986685,
            -0.14782964601247148
        ],
        [
            [
                0.1628459880195826,
                0.2763226891529083,
                0.2694785255582694,
                0.2913527972692397
            ],
            [
                0.2763226891529083,
                0.15964579000945078,
                0.2882029883600519,
                0.275828532477589
            ],
            [
                0.2694785255582694,
                0.2882029883600519,
                0.15476735152820997,
                0.28755113455346876
            ],
            [
                0.2913527972692397,
                0.275828532477589,
                0.28755113455346876,
                0.14526753569970263
            ]
        ]
    ],
    [
        [
            -0.10137950316711283,
            -0.1179065549884898,
            -0.1382956767454088
        ],
        [
            [
                0.16148280506295953,
                0.27994057285025165,
                0.27831098339583327,
                0.28026563869095555
            ],
            [
                0.27994057285025165,
                0.16288477903594356,
                0.28923378141436246,
                0.2679408666994423
            ],
            [
                0.27831098339583327,
                0.28923378141436246,
                0.14935621079014383,
                0.28309902439966056
            ],
            [
                0.28026563869095555,
                0.2679408666994423,
                0.28309902439966056,
                0.16869447020994155
            ]
        ]
    ],
    [
        [
            -0.09072494769601677,
            -0.11511911342953088,
            -0.13176944030674226
        ],
        [
            [
                0.16253425339610672,
                0.27837310384903013,
                0.2754648273939031,
                0.28362781536096
            ],
            [
                0.27837310384903013,
                0.16755375904728487,
                0.2673272588456237,
                0.28674587825806136
            ],
            [
                0.2754648273939031,
                0.2673272588456237,
                0.17994004675190656,
                0.27726786700856665
            ],
            [
                0.28362781536096,
                0.28674587825806136,
                0.27726786700856665,
                0.152358439372412
            ]
        ]
    ],
    [
        [
            -0.0896180221955492,
            -0.09846570114292762,
            -0.12977221790957696
        ],
        [
            [
                0.17201198863167555,
                0.27319191068996007,
                0.28869646184286357,
                0.26609963883550086
            ],
            [
                0.27319191068996007,
                0.17808520428754337,
                0.27094982507110504,
                0.2777730599513915
            ],
            [
                0.28869646184286357,
                0.27094982507110504,
                0.15813663885282536,
                0.2822170742332059
            ],
            [
                0.26609963883550086,
                0.2777730599513915,
                0.2822170742332059,
                0.17391022697990177
            ]
        ]
    ],
    [
        [
            -0.0725725880087102,
            -0.10200492667384142,
            -0.12260315653587267
        ],
        [
            [
                0.1860726252932161,
                0.26077024310379904,
                0.27057255290119187,
                0.28258457870179304
            ],
            [
                0.26077024310379904,
                0.18795494723139927,
                0.27703593422251993,
                0.2742388754422818
            ],
            [
                0.27057255290119187,
                0.27703593422251993,
                0.1690033616386617,
                0.2833881512376265
            ],
            [
                0.28258457870179304,
                0.2742388754422818,
                0.2833881512376265,
                0.15978839461829863
            ]
        ]
    ],
    [
        [
            -0.07854370160548271,
            -0.09406436787585955,
            -0.10461470679437455
        ],
        [
            [
                0.17348619745890992,
                0.27907339397160325,
                0.27426267148885164,
                0.27317773708063514
            ],
            [
                0.27907339397160325,
                0.17642176793005937,
                0.2754835331801592,
                0.2690213049181781
            ],
            [
                0.27426267148885164,
                0.2754835331801592,
                0.1826610478325581,
                0.26759274749843104
            ],
            [
                0.27317773708063514,
                0.2690213049181781,
                0.26759274749843104,
                0.19020821050275583
            ]
        ]
    ],
    [
        [
            -0.07754338336636567,
            -0.08698520149120666,
            -0.09270111221728379
        ],
        [
            [
                0.18584838249864388,
                0.2708412492038706,
                0.26771909050231973,
                0.27559127779516585
            ],
            [
                0.2708412492038706,
                0.18433597981102823,
                0.2718603983004273,
                0.2729623726846739
            ],
            [
                0.26771909050231973,
                0.2718603983004273,
                0.19078005114628227,
                0.26964046005097075
            ],
            [
                0.27559127779516585,
                0.2729623726846739,
                0.26964046005097075,
                0.18180588946918952
            ]
        ]
    ],
    [
        [
            -0.06658828286051596,
            -0.07720435435440565,
            -0.09310829635995377
        ],
        [
            [
                0.19100118123471654,
                0.26495999648362045,
                0.27890245224210153,
                0.2651363700395614
            ],
            [
                0.26495999648362045,
                0.19334105350080721,
                0.2700719013954244,
                0.27162704862014786
            ],
            [
                0.27890245224210153,
                0.2700719013954244,
                0.18327294835589214,
                0.26775269800658186
            ],
            [
                0.2651363700395614,
                0.27162704862014786,
                0.26775269800658186,
                0.19548388333370892
            ]
        ]
    ],
    [
        [
            -0.06033767359707248,
            -0.06481852733194546,
            -0.09147419158995745
        ],
        [
            [
                0.19010769287524076,
                0.260090299733864,
                0.27373393620340997,
                0.27606807118748516
            ],
            [
                0.260090299733864,
                0.20015804545128413,
                0.27099476214235296,
                0.26875689267249886
            ],
            [
                0.27373393620340997,
                0.27099476214235296,
                0.19660006733436042,
                0.25867123431987676
            ],
            [
                0.27606807118748516,
                0.26875689267249886,
                0.25867123431987676,
                0.19650380182013927
            ]
        ]
    ],
    [
        [
            -0.04890329470494975,
            -0.06142435823813288,
            -0.0861650082939165
        ],
        [
            [
                0.2034927039725667,
                0.25892067940793845,
                0.2639891008734081,
                0.27359751574608676
            ],
            [
                0.25892067940793845,
                0.1953442657534199,
                0.27201779276101606,
                0.27371726207762564
            ],
            [
                0.2639891008734081,
                0.27201779276101606,
                0.20798912661315128,
                0.2560039797524245
            ],
            [
                0.27359751574608676,
                0.27371726207762564,
                0.2560039797524245,
                0.1966812424238631
            ]
        ]
    ],
    [
        [
            -0.04424744094307196,
            -0.06443384381584429,
            -0.06791778590663447
        ],
        [
            [
                0.20304714867594487,
                0.26291127626161914,
                0.2699231590597559,
                0.26411841600268016
            ],
            [
                0.26291127626161914,
                0.20540729298503324,
                0.2593272807524871,
                0.2723541500008605
            ],
            [
                0.2699231590597559,
                0.2593272807524871,
                0.21108430693238445,
                0.25966525325537254
            ],
            [
                0.26411841600268016,
                0.2723541500008605,
                0.25966525325537254,
                0.20386218074108675
            ]
        ]
    ],
    [
        [
            -0.0415508792989779,
            -0.04948467130287239,
            -0.06542051539823258
        ],
        [
            [
                0.20405526843752764,
                0.2676801609579701,
                0.2603636675338108,
                0.2679009030706915
            ],
            [
                0.2676801609579701,
                0.21405491014253553,
                0.26314475400890136,
                0.25512017489059297
            ],
            [
                0.2603636675338108,
                0.26314475400890136,
                0.21247320591921315,
                0.26401837253807475
            ],
            [
                0.2679009030706915,
                0.25512017489059297,
                0.26401837253807475,
                0.2129605495006408
            ]
        ]
    ],
    [
        [
            -0.03651869290339285,
            -0.044187186675257284,
            -0.05572573425567276
        ],
        [
            [
                0.2224421363595288,
                0.26016016061942215,
                0.2595199192101199,
                0.25787778381092913
            ],
            [
                0.26016016061942215,
                0.21532282664750513,
                0.25933606959578714,
                0.26518094313728563
            ],
            [
                0.2595199192101199,
                0.25933606959578714,
                0.21500308065047546,
                0.2661409305436175
            ],
            [
                0.25787778381092913,
                0.26518094313728563,
                0.2661409305436175,
                0.2108003425081677
            ]
        ]
    ],
    [
        [
            -0.02758435033857624,
            -0.0394121127473706,
            -0.04916199638622028
        ],
        [
            [
                0.2187845011415609,
                0.26235616347492424,
                0.25475550719595824,
                0.2641038281875566
            ],
            [
                0.26235616347492424,
                0.22279875307480457,
                0.255742099708682,
                0.2591029837415893
            ],
            [
                0.25475550719595824,
                0.255742099708682,
                0.22748374566798657,
                0.2620186474273732
            ],
            [
                0.2641038281875566,
                0.2591029837415893,
                0.2620186474273732,
                0.2147745406434809
            ]
        ]
    ],
    [
        [
            -0.021774587653955096,
            -0.0328476799859462,
            -0.04139260620546094
        ],
        [
            [
                0.2215589818649255,
                0.2619885615808741,
                0.2568494958499462,
                0.25960296070425426
            ],
            [
                0.2619885615808741,
                0.22340782962330974,
                0.2614098848330224,
                0.25319372396279366
            ],
            [
                0.2568494958499462,
                0.2614098848330224,
                0.22677780932524094,
                0.25496280999179044
            ],
            [
                0.25960296070425426,
                0.25319372396279366,
                0.25496280999179044,
                0.23224050534116158
            ]
        ]
    ],
    [
        [
            -0.008462325165951566,
            -0.030166451587753863,
            -0.03725915229234279
        ],
        [
            [
                0.23110783425072667,
                0.26562085111823563,
                0.25280747125928327,
                0.2504638433717545
            ],
            [
                0.26562085111823563,
                0.22751279754936204,
                0.25624927280138876,
                0.25061707853101356
            ],
            [
                0.25280747125928327,
                0.25624927280138876,
                0.22875780849797955,
                0.2621854474413484
            ],
            [
                0.2504638433717545,
                0.25061707853101356,
                0.2621854474413484,
                0.2367336306558835
            ]
        ]
    ],
    [
        [
            -0.011771069780742603,
            -0.01614596411367599,
            -0.027949572396419674
        ],
        [
            [
                0.23372568591041443,
                0.25835661054878506,
                0.2511670090801505,
                0.25675069446064996
            ],
            [
                0.25835661054878506,
                0.23363373298852375,
                0.2576212353608047,
                0.2503884211018864
            ],
            [
                0.2511670090801505,
                0.2576212353608047,
                0.23756242296590235,
                0.2536493325931423
            ],
            [
                0.25675069446064996,
                0.2503884211018864,
                0.2536493325931423,
                0.2392115518443212
            ]
        ]
    ],
    [
        [
            -0.003337897264627283,
            -0.012708715710572638,
            -0.019663119829849234
        ],
        [
            [
                0.24315272426381318,
                0.254050089455891,
                0.2490658207862848,
                0.25373136549401104
            ],
            [
                0.254050089455891,
                0.2377692024549204,
                0.2514051097707595,
                0.2567755983184291
            ],
            [
                0.2490658207862848,
                0.2514051097707595,
                0.24670218686580658,
                0.25282688257714914
            ],
            [
                0.25373136549401104,
                0.2567755983184291,
                0.25282688257714914,
                0.23666615361041066
            ]
        ]
    ],
    [
        [
            -0.0009216717551760985,
            -0.006070898010949929,
            -0.008596758908911019
        ],
        [
            [
                0.24772997211526726,
                0.24928451366606563,
                0.2528515367857145,
                0.2501339774329527
            ],
            [
                0.24928451366606563,
                0.24749184345613773,
                0.25075884109967955,
                0.2524648017781171
            ],
            [
                0.2528515367857145,
                0.25075884109967955,
                0.24408862853961688,
                0.25230099357498914
            ],
            [
                0.2501339774329527,
                0.2524648017781171,
                0.25230099357498914,
                0.2451002272139411
            ]
        ]
    ],
    [
        [
            0.002731652761544878,
            0.0022832754588771064,
            -0.0004928802719012547
        ],
        [
            [
                0.2505275735897228,
                0.24980897690838755,
                0.24887793285025794,
                0.2507855166516318
            ],
            [
                0.24980897690838755,
                0.2515907854956847,
                0.24961096053930243,
                0.24898927705662532
            ],
            [
                0.24887793285025794,
                0.24961096053930243,
                0.25184479459090503,
                0.2496663120195346
            ],
            [
                0.2507855166516318,
                0.24898927705662532,
                0.2496663120195346,
                0.25055889427220834
            ]
        ]
    ],
    [
        [
            0.013605127186265697,
            0.007590113157357042,
            0.0034269766116555487
        ],
        [
            [
                0.2525881043478524,
                0.2493834099478952,
                0.2489258832498874,
                0.249102602454365
            ],
            [
                0.2493834099478952,
                0.25579778048808555,
                0.24617777797078533,
                0.24864103159323392
            ],
            [
                0.2489258832498874,
                0.24617777797078533,
                0.2594381524731333,
                0.24545818630619393
            ],
            [
                0.249102602454365,
                0.24864103159323392,
                0.24545818630619393,
                0.2567981796462071
            ]
        ]
    ],
    [
        [
